# Nodes: 130 Edges: 10000
0 114 1
0 32 1
0 30 1
0 71 1
0 6 1
0 99 1
0 129 1
0 88 1
0 31 1
0 39 1
0 92 1
0 78 1
0 89 1
0 66 1
0 49 1
0 117 1
0 115 1
0 126 1
0 29 1
0 106 1
0 81 1
0 15 1
0 128 1
0 16 1
0 1 1
0 113 1
0 58 1
0 26 1
0 72 1
0 80 1
0 37 1
0 35 1
0 11 1
0 54 1
0 53 1
0 84 1
0 48 1
0 109 1
0 18 1
0 61 1
0 111 1
0 76 1
0 73 1
0 46 1
0 7 1
0 127 1
0 17 1
0 97 1
0 67 1
0 24 1
0 96 1
0 3 1
0 125 1
0 101 1
0 124 1
0 44 1
0 94 1
0 9 1
0 91 1
0 4 1
1 42 1
1 7 1
1 81 1
1 82 1
1 120 1
1 27 1
1 80 1
1 45 1
1 86 1
1 52 1
1 46 1
1 54 1
1 0 1
1 108 1
1 58 1
1 118 1
1 78 1
1 110 1
1 92 1
1 57 1
1 44 1
1 111 1
1 64 1
1 11 1
1 107 1
1 116 1
1 113 1
1 21 1
1 22 1
1 37 1
1 115 1
1 23 1
1 47 1
1 17 1
1 98 1
1 90 1
1 89 1
1 20 1
1 104 1
1 85 1
1 26 1
1 70 1
1 28 1
1 14 1
1 50 1
1 36 1
1 72 1
1 71 1
1 60 1
1 31 1
1 29 1
1 88 1
1 10 1
1 97 1
1 15 1
1 3 1
1 95 1
1 6 1
1 38 1
1 94 1
1 93 1
1 32 1
1 68 1
1 119 1
2 70 1
2 58 1
2 121 1
2 100 1
2 113 1
2 128 1
2 23 1
2 22 1
2 69 1
2 5 1
2 65 1
2 76 1
2 9 1
2 3 1
2 126 1
2 67 1
2 37 1
2 38 1
2 119 1
2 60 1
2 29 1
2 8 1
2 44 1
2 62 1
2 0 1
2 26 1
2 13 1
2 47 1
2 27 1
2 74 1
2 42 1
2 87 1
2 90 1
2 51 1
2 84 1
2 105 1
2 77 1
2 68 1
2 56 1
2 24 1
2 57 1
2 120 1
2 99 1
2 43 1
2 123 1
2 122 1
2 16 1
2 72 1
2 114 1
2 81 1
3 104 1
3 121 1
3 17 1
3 13 1
3 75 1
3 129 1
3 97 1
3 52 1
3 113 1
3 34 1
3 91 1
3 54 1
3 82 1
3 108 1
3 31 1
3 48 1
3 72 1
3 120 1
3 10 1
3 85 1
3 35 1
3 1 1
3 92 1
3 0 1
3 14 1
3 80 1
3 25 1
3 26 1
3 38 1
3 11 1
3 55 1
3 117 1
3 68 1
3 114 1
3 4 1
3 79 1
3 107 1
3 100 1
3 60 1
3 44 1
3 43 1
3 56 1
3 62 1
3 32 1
3 119 1
3 57 1
3 69 1
3 81 1
3 66 1
3 115 1
3 58 1
3 128 1
3 101 1
3 125 1
3 106 1
3 74 1
4 12 1
4 49 1
4 0 1
4 69 1
4 101 1
4 84 1
4 39 1
4 16 1
4 50 1
4 117 1
4 70 1
4 65 1
4 122 1
4 14 1
4 83 1
4 20 1
4 129 1
4 110 1
4 115 1
4 96 1
4 123 1
4 5 1
4 34 1
4 121 1
4 111 1
4 59 1
4 9 1
4 8 1
4 13 1
4 128 1
4 43 1
4 88 1
4 23 1
4 40 1
4 100 1
4 112 1
4 66 1
4 15 1
4 106 1
4 116 1
4 114 1
4 25 1
4 6 1
4 91 1
4 29 1
4 53 1
4 30 1
4 109 1
4 82 1
4 63 1
4 102 1
4 1 1
4 78 1
4 80 1
4 61 1
4 79 1
4 97 1
4 26 1
4 104 1
4 18 1
5 35 1
5 92 1
5 115 1
5 98 1
5 17 1
5 100 1
5 67 1
5 8 1
5 2 1
5 89 1
5 109 1
5 53 1
5 38 1
5 85 1
5 124 1
5 114 1
5 112 1
5 20 1
5 91 1
5 105 1
5 1 1
5 27 1
5 83 1
5 31 1
5 3 1
5 122 1
5 11 1
5 15 1
5 79 1
5 78 1
5 72 1
5 54 1
5 95 1
5 24 1
5 37 1
5 121 1
5 10 1
5 41 1
5 18 1
5 76 1
5 60 1
5 12 1
5 49 1
5 59 1
5 96 1
5 56 1
5 23 1
5 103 1
5 19 1
5 117 1
5 28 1
5 123 1
5 47 1
5 120 1
5 110 1
5 84 1
5 77 1
5 80 1
6 51 1
6 82 1
6 26 1
6 99 1
6 56 1
6 97 1
6 64 1
6 75 1
6 31 1
6 55 1
6 67 1
6 94 1
6 45 1
6 126 1
6 106 1
6 32 1
6 128 1
6 24 1
6 81 1
6 48 1
6 44 1
6 77 1
6 98 1
6 40 1
6 50 1
6 96 1
6 118 1
6 21 1
6 8 1
6 72 1
6 113 1
6 25 1
6 27 1
6 15 1
6 122 1
6 80 1
6 16 1
6 89 1
6 95 1
6 107 1
6 92 1
6 5 1
6 3 1
6 60 1
6 53 1
6 62 1
6 85 1
6 43 1
6 104 1
6 0 1
6 33 1
6 29 1
6 65 1
6 102 1
6 14 1
6 123 1
6 93 1
6 124 1
6 83 1
6 61 1
6 76 1
6 36 1
6 20 1
7 121 1
7 115 1
7 62 1
7 128 1
7 78 1
7 1 1
7 24 1
7 56 1
7 109 1
7 71 1
7 31 1
7 120 1
7 51 1
7 111 1
7 76 1
7 26 1
7 98 1
7 64 1
7 29 1
7 87 1
7 72 1
7 16 1
7 23 1
7 27 1
7 20 1
7 25 1
7 57 1
7 113 1
7 12 1
7 10 1
7 60 1
7 92 1
7 2 1
7 41 1
7 101 1
7 58 1
7 102 1
7 75 1
7 95 1
7 107 1
7 103 1
7 11 1
7 90 1
7 94 1
7 105 1
7 77 1
7 21 1
7 39 1
7 124 1
7 119 1
7 91 1
7 18 1
7 30 1
7 116 1
7 106 1
7 127 1
7 46 1
7 108 1
7 48 1
7 55 1
7 38 1
7 13 1
7 88 1
8 81 1
8 123 1
8 73 1
8 113 1
8 121 1
8 95 1
8 60 1
8 100 1
8 80 1
8 87 1
8 15 1
8 101 1
8 48 1
8 117 1
8 41 1
8 50 1
8 79 1
8 115 1
8 111 1
8 42 1
8 47 1
8 1 1
8 44 1
8 89 1
8 39 1
8 92 1
8 88 1
8 31 1
8 128 1
8 9 1
8 126 1
8 57 1
8 116 1
8 12 1
8 49 1
8 35 1
8 22 1
8 2 1
8 16 1
8 127 1
8 45 1
8 11 1
8 91 1
8 25 1
8 51 1
8 17 1
8 40 1
8 19 1
8 30 1
8 102 1
8 20 1
8 99 1
8 43 1
8 122 1
8 67 1
8 29 1
8 4 1
8 58 1
9 123 1
9 25 1
9 68 1
9 42 1
9 92 1
9 62 1
9 31 1
9 110 1
9 98 1
9 113 1
9 107 1
9 56 1
9 11 1
9 37 1
9 69 1
9 12 1
9 122 1
9 47 1
9 10 1
9 90 1
9 128 1
9 38 1
9 65 1
9 34 1
9 125 1
9 45 1
9 52 1
9 116 1
9 14 1
9 75 1
9 57 1
9 83 1
9 4 1
9 64 1
9 93 1
9 103 1
9 87 1
9 49 1
9 127 1
9 26 1
9 6 1
9 8 1
9 20 1
9 120 1
9 114 1
9 55 1
9 54 1
9 67 1
9 79 1
9 105 1
9 86 1
9 60 1
9 21 1
9 66 1
9 101 1
9 33 1
9 53 1
10 76 1
10 96 1
10 100 1
10 47 1
10 89 1
10 4 1
10 46 1
10 121 1
10 73 1
10 101 1
10 21 1
10 77 1
10 36 1
10 19 1
10 29 1
10 117 1
10 122 1
10 2 1
10 45 1
10 35 1
10 68 1
10 23 1
10 33 1
10 50 1
10 109 1
10 16 1
10 1 1
10 88 1
10 15 1
10 30 1
10 49 1
10 18 1
10 17 1
10 25 1
10 112 1
10 125 1
10 114 1
10 97 1
10 98 1
10 93 1
10 32 1
10 113 1
10 85 1
10 71 1
10 128 1
10 51 1
10 78 1
10 92 1
10 80 1
10 106 1
10 118 1
10 28 1
10 27 1
10 81 1
10 9 1
10 7 1
10 94 1
10 108 1
10 104 1
10 83 1
10 24 1
10 102 1
11 2 1
11 20 1
11 49 1
11 83 1
11 109 1
11 97 1
11 73 1
11 93 1
11 19 1
11 65 1
11 28 1
11 113 1
11 58 1
11 17 1
11 23 1
11 43 1
11 61 1
11 117 1
11 44 1
11 16 1
11 30 1
11 116 1
11 91 1
11 99 1
11 29 1
11 119 1
11 128 1
11 69 1
11 77 1
11 24 1
11 38 1
11 22 1
11 89 1
11 59 1
11 126 1
11 86 1
11 54 1
11 57 1
11 81 1
11 82 1
11 27 1
11 122 1
11 35 1
11 87 1
11 18 1
11 80 1
11 63 1
11 62 1
11 7 1
11 52 1
11 13 1
11 39 1
11 75 1
11 105 1
11 71 1
11 55 1
11 6 1
12 125 1
12 9 1
12 100 1
12 13 1
12 66 1
12 40 1
12 97 1
12 84 1
12 1 1
12 74 1
12 44 1
12 35 1
12 6 1
12 59 1
12 88 1
12 122 1
12 64 1
12 28 1
12 67 1
12 51 1
12 109 1
12 76 1
12 73 1
12 65 1
12 113 1
12 112 1
12 111 1
12 16 1
12 82 1
12 121 1
12 46 1
12 3 1
12 105 1
12 101 1
12 7 1
12 98 1
12 124 1
12 43 1
12 117 1
12 115 1
12 104 1
12 108 1
12 19 1
12 126 1
12 85 1
12 54 1
12 39 1
12 37 1
12 91 1
12 83 1
12 70 1
12 127 1
12 61 1
12 36 1
13 86 1
13 126 1
13 42 1
13 52 1
13 88 1
13 1 1
13 11 1
13 78 1
13 105 1
13 27 1
13 115 1
13 128 1
13 59 1
13 129 1
13 91 1
13 107 1
13 17 1
13 106 1
13 87 1
13 111 1
13 97 1
13 90 1
13 65 1
13 18 1
13 48 1
13 8 1
13 54 1
13 15 1
13 31 1
13 46 1
13 12 1
13 116 1
13 66 1
13 21 1
13 99 1
13 76 1
13 39 1
13 56 1
13 45 1
13 32 1
13 60 1
13 53 1
13 58 1
13 110 1
13 23 1
13 85 1
13 47 1
13 22 1
13 77 1
13 70 1
13 123 1
13 9 1
13 93 1
13 68 1
14 39 1
14 111 1
14 98 1
14 9 1
14 78 1
14 5 1
14 18 1
14 1 1
14 113 1
14 41 1
14 13 1
14 119 1
14 83 1
14 126 1
14 4 1
14 80 1
14 35 1
14 52 1
14 85 1
14 118 1
14 110 1
14 12 1
14 91 1
14 7 1
14 21 1
14 42 1
14 27 1
14 104 1
14 74 1
14 17 1
14 106 1
14 70 1
14 11 1
14 30 1
14 67 1
14 96 1
14 69 1
14 48 1
14 101 1
14 94 1
14 49 1
14 20 1
14 116 1
14 125 1
14 93 1
14 59 1
14 3 1
14 72 1
14 120 1
14 73 1
14 57 1
14 53 1
14 115 1
14 34 1
14 97 1
14 127 1
14 28 1
14 44 1
15 105 1
15 107 1
15 8 1
15 109 1
15 83 1
15 78 1
15 1 1
15 51 1
15 41 1
15 42 1
15 72 1
15 82 1
15 19 1
15 48 1
15 24 1
15 17 1
15 89 1
15 75 1
15 128 1
15 37 1
15 47 1
15 32 1
15 74 1
15 120 1
15 110 1
15 129 1
15 92 1
15 28 1
15 29 1
15 46 1
15 111 1
15 39 1
15 16 1
15 80 1
15 62 1
15 52 1
15 4 1
15 38 1
15 13 1
15 18 1
15 101 1
15 93 1
15 5 1
15 35 1
15 85 1
15 36 1
15 2 1
15 114 1
15 67 1
15 104 1
15 116 1
15 94 1
15 113 1
15 40 1
15 34 1
15 14 1
15 12 1
15 76 1
15 66 1
15 7 1
15 0 1
15 43 1
15 119 1
15 86 1
15 53 1
15 84 1
16 87 1
16 89 1
16 115 1
16 21 1
16 53 1
16 125 1
16 68 1
16 34 1
16 46 1
16 9 1
16 110 1
16 113 1
16 31 1
16 15 1
16 105 1
16 122 1
16 2 1
16 96 1
16 12 1
16 99 1
16 102 1
16 114 1
16 109 1
16 83 1
16 72 1
16 10 1
16 100 1
16 95 1
16 38 1
16 48 1
16 39 1
16 61 1
16 64 1
16 56 1
16 128 1
16 40 1
16 129 1
16 1 1
16 58 1
16 70 1
16 5 1
16 0 1
16 75 1
16 49 1
17 124 1
17 102 1
17 123 1
17 110 1
17 37 1
17 107 1
17 20 1
17 21 1
17 128 1
17 96 1
17 70 1
17 104 1
17 127 1
17 116 1
17 6 1
17 3 1
17 13 1
17 22 1
17 120 1
17 50 1
17 1 1
17 111 1
17 98 1
17 38 1
17 117 1
17 51 1
17 46 1
17 69 1
17 97 1
17 58 1
17 0 1
17 94 1
17 84 1
17 71 1
17 45 1
17 43 1
17 89 1
17 23 1
17 93 1
17 61 1
17 68 1
17 112 1
17 126 1
17 82 1
17 113 1
17 108 1
17 12 1
17 74 1
17 85 1
17 33 1
17 14 1
17 64 1
17 48 1
17 66 1
17 53 1
17 59 1
17 80 1
17 41 1
17 76 1
17 56 1
17 44 1
17 101 1
18 19 1
18 95 1
18 72 1
18 9 1
18 17 1
18 82 1
18 2 1
18 108 1
18 35 1
18 125 1
18 60 1
18 106 1
18 101 1
18 33 1
18 85 1
18 4 1
18 100 1
18 13 1
18 32 1
18 44 1
18 115 1
18 28 1
18 8 1
18 56 1
18 7 1
18 103 1
18 6 1
18 110 1
18 75 1
18 118 1
18 14 1
18 3 1
18 37 1
18 48 1
18 68 1
18 39 1
18 52 1
18 71 1
18 74 1
18 104 1
18 41 1
18 51 1
18 97 1
18 29 1
18 20 1
18 122 1
18 129 1
18 114 1
18 112 1
18 25 1
18 96 1
18 121 1
18 81 1
18 50 1
18 40 1
19 29 1
19 98 1
19 42 1
19 37 1
19 112 1
19 80 1
19 114 1
19 4 1
19 63 1
19 13 1
19 88 1
19 99 1
19 92 1
19 81 1
19 40 1
19 90 1
19 119 1
19 65 1
19 111 1
19 51 1
19 120 1
19 24 1
19 123 1
19 31 1
19 103 1
19 82 1
19 127 1
19 43 1
19 125 1
19 93 1
19 110 1
19 105 1
19 21 1
19 44 1
19 122 1
19 84 1
19 6 1
19 16 1
19 71 1
19 23 1
19 117 1
19 67 1
19 79 1
19 77 1
19 87 1
19 48 1
19 104 1
19 57 1
19 53 1
19 47 1
19 11 1
19 66 1
19 97 1
19 60 1
19 68 1
19 83 1
19 116 1
20 85 1
20 47 1
20 31 1
20 124 1
20 75 1
20 90 1
20 37 1
20 13 1
20 70 1
20 68 1
20 43 1
20 113 1
20 15 1
20 35 1
20 108 1
20 26 1
20 104 1
20 127 1
20 6 1
20 45 1
20 107 1
20 34 1
20 52 1
20 114 1
20 94 1
20 0 1
20 115 1
20 69 1
20 129 1
20 11 1
20 10 1
20 3 1
20 49 1
20 103 1
20 126 1
20 63 1
20 29 1
20 122 1
20 123 1
20 74 1
20 17 1
20 64 1
20 25 1
20 24 1
20 77 1
20 9 1
20 71 1
20 92 1
20 21 1
20 105 1
20 102 1
20 7 1
20 106 1
21 72 1
21 12 1
21 42 1
21 87 1
21 123 1
21 9 1
21 100 1
21 126 1
21 84 1
21 83 1
21 64 1
21 35 1
21 86 1
21 37 1
21 121 1
21 6 1
21 32 1
21 1 1
21 66 1
21 75 1
21 15 1
21 82 1
21 50 1
21 99 1
21 104 1
21 29 1
21 69 1
21 17 1
21 101 1
21 119 1
21 39 1
21 74 1
21 116 1
21 26 1
21 81 1
21 91 1
21 120 1
21 88 1
21 59 1
21 68 1
21 96 1
21 3 1
21 11 1
21 98 1
21 108 1
21 51 1
21 55 1
21 90 1
21 97 1
21 7 1
21 93 1
21 76 1
21 16 1
21 28 1
21 111 1
21 60 1
21 41 1
21 127 1
21 106 1
21 128 1
21 31 1
22 59 1
22 76 1
22 118 1
22 19 1
22 2 1
22 91 1
22 66 1
22 0 1
22 29 1
22 122 1
22 98 1
22 93 1
22 62 1
22 128 1
22 123 1
22 53 1
22 74 1
22 73 1
22 3 1
22 32 1
22 51 1
22 52 1
22 56 1
22 58 1
22 109 1
22 116 1
22 101 1
22 111 1
22 86 1
22 23 1
22 100 1
22 34 1
22 108 1
22 80 1
22 64 1
22 27 1
22 78 1
22 60 1
22 50 1
22 72 1
22 26 1
22 102 1
22 82 1
22 67 1
22 25 1
23 20 1
23 89 1
23 29 1
23 50 1
23 105 1
23 70 1
23 85 1
23 19 1
23 128 1
23 127 1
23 56 1
23 54 1
23 92 1
23 38 1
23 30 1
23 14 1
23 117 1
23 81 1
23 76 1
23 96 1
23 17 1
23 126 1
23 32 1
23 26 1
23 111 1
23 88 1
23 63 1
23 121 1
23 102 1
23 1 1
23 90 1
23 44 1
23 34 1
23 72 1
23 68 1
23 31 1
23 107 1
23 84 1
23 57 1
23 22 1
23 24 1
23 113 1
23 115 1
23 4 1
23 53 1
23 94 1
23 49 1
23 82 1
23 18 1
23 118 1
23 21 1
23 104 1
23 97 1
23 119 1
23 46 1
23 39 1
23 5 1
23 15 1
24 76 1
24 101 1
24 126 1
24 89 1
24 64 1
24 6 1
24 49 1
24 40 1
24 14 1
24 4 1
24 52 1
24 29 1
24 94 1
24 16 1
24 92 1
24 107 1
24 128 1
24 12 1
24 115 1
24 7 1
24 69 1
24 38 1
24 45 1
24 72 1
24 105 1
24 27 1
24 129 1
24 5 1
24 96 1
24 124 1
24 66 1
24 82 1
24 31 1
24 112 1
24 110 1
24 0 1
24 104 1
24 80 1
24 93 1
24 74 1
24 116 1
24 36 1
24 42 1
24 87 1
24 103 1
24 95 1
24 9 1
24 58 1
24 22 1
24 88 1
25 50 1
25 94 1
25 27 1
25 63 1
25 102 1
25 48 1
25 71 1
25 57 1
25 55 1
25 2 1
25 43 1
25 116 1
25 125 1
25 99 1
25 79 1
25 119 1
25 24 1
25 54 1
25 67 1
25 70 1
25 39 1
25 127 1
25 129 1
25 117 1
25 18 1
25 121 1
25 65 1
25 56 1
25 85 1
25 118 1
25 10 1
25 44 1
25 35 1
25 13 1
25 16 1
25 59 1
25 91 1
25 5 1
25 58 1
25 46 1
25 82 1
25 23 1
25 36 1
25 7 1
25 64 1
25 90 1
25 66 1
25 20 1
25 120 1
25 122 1
25 114 1
25 75 1
25 0 1
25 124 1
25 19 1
25 115 1
25 22 1
25 73 1
26 43 1
26 127 1
26 47 1
26 78 1
26 99 1
26 62 1
26 46 1
26 2 1
26 4 1
26 114 1
26 92 1
26 57 1
26 80 1
26 16 1
26 31 1
26 30 1
26 73 1
26 87 1
26 24 1
26 54 1
26 15 1
26 77 1
26 110 1
26 109 1
26 58 1
26 74 1
26 70 1
26 93 1
26 108 1
26 49 1
26 53 1
26 6 1
26 34 1
26 122 1
26 91 1
26 66 1
26 42 1
26 100 1
26 107 1
26 37 1
26 71 1
26 112 1
26 33 1
26 104 1
26 39 1
26 106 1
26 23 1
26 95 1
26 44 1
26 69 1
26 64 1
26 81 1
26 115 1
26 86 1
26 36 1
26 5 1
26 123 1
26 68 1
26 29 1
26 13 1
26 121 1
26 88 1
26 17 1
26 59 1
27 69 1
27 91 1
27 14 1
27 34 1
27 77 1
27 104 1
27 100 1
27 61 1
27 17 1
27 8 1
27 50 1
27 107 1
27 124 1
27 113 1
27 125 1
27 56 1
27 85 1
27 106 1
27 119 1
27 36 1
27 101 1
27 16 1
27 0 1
27 26 1
27 10 1
27 39 1
27 6 1
27 20 1
27 114 1
27 60 1
27 47 1
27 11 1
27 72 1
27 122 1
27 105 1
27 40 1
27 126 1
27 29 1
27 79 1
27 75 1
27 5 1
27 97 1
27 2 1
27 108 1
27 116 1
27 86 1
27 23 1
27 42 1
27 96 1
27 95 1
27 33 1
27 32 1
27 71 1
27 129 1
27 74 1
27 62 1
27 120 1
27 15 1
27 66 1
27 80 1
27 127 1
28 118 1
28 126 1
28 96 1
28 11 1
28 102 1
28 93 1
28 87 1
28 47 1
28 108 1
28 114 1
28 16 1
28 83 1
28 123 1
28 77 1
28 55 1
28 100 1
28 72 1
28 97 1
28 29 1
28 60 1
28 110 1
28 66 1
28 89 1
28 14 1
28 32 1
28 85 1
28 58 1
28 50 1
28 23 1
28 25 1
28 35 1
28 112 1
28 46 1
28 75 1
28 90 1
28 107 1
28 20 1
28 43 1
28 106 1
28 22 1
28 120 1
28 38 1
28 54 1
28 24 1
28 9 1
28 37 1
28 30 1
28 69 1
28 124 1
28 15 1
28 117 1
28 128 1
29 93 1
29 70 1
29 62 1
29 17 1
29 99 1
29 69 1
29 96 1
29 94 1
29 122 1
29 7 1
29 12 1
29 8 1
29 35 1
29 129 1
29 86 1
29 2 1
29 95 1
29 58 1
29 126 1
29 48 1
29 25 1
29 3 1
29 124 1
29 108 1
29 112 1
29 125 1
29 117 1
29 67 1
29 85 1
29 113 1
29 66 1
29 123 1
29 19 1
29 75 1
29 28 1
29 106 1
29 6 1
29 1 1
29 45 1
29 49 1
29 127 1
29 80 1
29 55 1
29 23 1
29 20 1
29 21 1
29 115 1
29 92 1
29 13 1
29 44 1
29 36 1
30 6 1
30 3 1
30 21 1
30 33 1
30 40 1
30 25 1
30 11 1
30 92 1
30 72 1
30 35 1
30 102 1
30 26 1
30 41 1
30 12 1
30 93 1
30 15 1
30 104 1
30 98 1
30 67 1
30 109 1
30 129 1
30 110 1
30 94 1
30 114 1
30 59 1
30 86 1
30 83 1
30 89 1
30 82 1
30 58 1
30 0 1
30 5 1
30 122 1
30 52 1
30 10 1
30 60 1
30 124 1
30 95 1
30 51 1
30 70 1
30 119 1
30 121 1
30 9 1
30 84 1
30 73 1
30 8 1
30 99 1
30 55 1
30 79 1
30 18 1
31 106 1
31 34 1
31 36 1
31 30 1
31 13 1
31 16 1
31 37 1
31 97 1
31 93 1
31 101 1
31 40 1
31 5 1
31 32 1
31 61 1
31 110 1
31 73 1
31 127 1
31 126 1
31 79 1
31 96 1
31 43 1
31 67 1
31 42 1
31 99 1
31 14 1
31 48 1
31 28 1
31 109 1
31 22 1
31 85 1
31 59 1
31 68 1
31 0 1
31 125 1
31 35 1
31 120 1
31 26 1
31 80 1
31 123 1
31 128 1
31 56 1
31 54 1
31 92 1
31 29 1
31 78 1
31 71 1
31 3 1
31 72 1
31 86 1
31 19 1
31 104 1
31 44 1
31 121 1
31 122 1
31 124 1
31 57 1
31 27 1
32 113 1
32 65 1
32 95 1
32 122 1
32 86 1
32 18 1
32 71 1
32 47 1
32 6 1
32 9 1
32 60 1
32 1 1
32 29 1
32 57 1
32 28 1
32 22 1
32 44 1
32 27 1
32 5 1
32 99 1
32 38 1
32 30 1
32 92 1
32 52 1
32 120 1
32 8 1
32 107 1
32 79 1
32 45 1
32 14 1
32 63 1
32 20 1
32 111 1
32 70 1
32 67 1
32 124 1
32 106 1
32 25 1
32 49 1
32 126 1
32 112 1
32 90 1
32 54 1
32 108 1
32 64 1
32 61 1
32 59 1
32 41 1
32 58 1
32 4 1
32 118 1
32 43 1
32 33 1
32 68 1
32 72 1
32 34 1
32 117 1
32 48 1
32 83 1
32 40 1
32 100 1
32 0 1
32 94 1
33 47 1
33 104 1
33 127 1
33 50 1
33 14 1
33 99 1
33 92 1
33 4 1
33 71 1
33 64 1
33 111 1
33 122 1
33 58 1
33 7 1
33 55 1
33 67 1
33 9 1
33 84 1
33 31 1
33 61 1
33 128 1
33 30 1
33 6 1
33 80 1
33 44 1
33 37 1
33 120 1
33 26 1
33 41 1
33 5 1
33 49 1
33 95 1
33 24 1
33 12 1
33 69 1
33 10 1
33 97 1
33 88 1
33 105 1
33 18 1
33 54 1
33 43 1
33 86 1
33 15 1
33 85 1
33 118 1
33 42 1
33 107 1
33 59 1
33 114 1
33 75 1
33 129 1
33 76 1
33 110 1
33 81 1
34 98 1
34 112 1
34 41 1
34 128 1
34 104 1
34 12 1
34 95 1
34 46 1
34 63 1
34 37 1
34 16 1
34 25 1
34 76 1
34 6 1
34 24 1
34 88 1
34 2 1
34 30 1
34 36 1
34 0 1
34 26 1
34 65 1
34 61 1
34 101 1
34 8 1
34 79 1
34 43 1
34 120 1
34 53 1
34 92 1
34 123 1
34 56 1
34 111 1
34 62 1
34 11 1
34 40 1
34 107 1
34 47 1
34 89 1
34 119 1
34 28 1
34 122 1
34 93 1
34 31 1
34 7 1
34 83 1
34 99 1
34 49 1
34 1 1
34 67 1
34 90 1
34 82 1
34 54 1
35 121 1
35 42 1
35 36 1
35 106 1
35 82 1
35 97 1
35 75 1
35 109 1
35 14 1
35 13 1
35 6 1
35 74 1
35 10 1
35 20 1
35 69 1
35 95 1
35 11 1
35 38 1
35 39 1
35 17 1
35 123 1
35 78 1
35 84 1
35 37 1
35 112 1
35 7 1
35 81 1
35 111 1
35 57 1
35 117 1
35 22 1
35 40 1
35 115 1
35 88 1
35 54 1
35 77 1
35 25 1
35 86 1
35 122 1
35 21 1
35 31 1
35 58 1
35 73 1
35 127 1
35 125 1
35 99 1
35 68 1
35 98 1
35 8 1
35 128 1
35 83 1
35 2 1
35 105 1
35 110 1
35 91 1
35 12 1
35 55 1
35 90 1
35 107 1
35 102 1
36 58 1
36 89 1
36 120 1
36 49 1
36 129 1
36 14 1
36 107 1
36 16 1
36 124 1
36 72 1
36 31 1
36 106 1
36 93 1
36 125 1
36 68 1
36 78 1
36 37 1
36 91 1
36 66 1
36 45 1
36 81 1
36 64 1
36 11 1
36 84 1
36 1 1
36 102 1
36 51 1
36 108 1
36 8 1
36 24 1
36 105 1
36 63 1
36 25 1
36 76 1
36 9 1
36 12 1
36 99 1
36 50 1
36 55 1
36 35 1
36 3 1
36 85 1
36 80 1
36 73 1
36 113 1
36 61 1
36 17 1
36 75 1
36 92 1
36 67 1
36 53 1
36 57 1
36 4 1
36 82 1
36 30 1
36 90 1
36 88 1
36 71 1
36 116 1
36 97 1
36 41 1
36 127 1
36 6 1
36 74 1
37 111 1
37 121 1
37 20 1
37 32 1
37 61 1
37 25 1
37 54 1
37 6 1
37 108 1
37 28 1
37 110 1
37 5 1
37 12 1
37 38 1
37 45 1
37 98 1
37 79 1
37 84 1
37 16 1
37 59 1
37 53 1
37 123 1
37 41 1
37 112 1
37 42 1
37 93 1
37 67 1
37 48 1
37 0 1
37 18 1
37 114 1
37 128 1
37 109 1
37 76 1
37 62 1
37 15 1
37 107 1
37 86 1
37 71 1
37 126 1
37 94 1
37 87 1
37 72 1
37 73 1
37 124 1
37 56 1
37 35 1
37 39 1
37 51 1
38 41 1
38 51 1
38 111 1
38 10 1
38 65 1
38 2 1
38 115 1
38 58 1
38 43 1
38 83 1
38 40 1
38 54 1
38 127 1
38 31 1
38 88 1
38 113 1
38 82 1
38 22 1
38 117 1
38 100 1
38 32 1
38 46 1
38 72 1
38 109 1
38 18 1
38 52 1
38 3 1
38 7 1
38 79 1
38 24 1
38 9 1
38 11 1
38 21 1
38 129 1
38 36 1
38 121 1
38 86 1
38 125 1
38 62 1
38 60 1
38 107 1
38 8 1
38 57 1
38 25 1
38 81 1
38 104 1
38 70 1
38 96 1
38 76 1
38 98 1
38 39 1
38 47 1
38 118 1
38 69 1
38 13 1
38 84 1
38 28 1
38 63 1
39 127 1
39 56 1
39 49 1
39 12 1
39 50 1
39 45 1
39 84 1
39 102 1
39 29 1
39 59 1
39 55 1
39 4 1
39 82 1
39 78 1
39 69 1
39 22 1
39 115 1
39 129 1
39 101 1
39 28 1
39 10 1
39 52 1
39 80 1
39 107 1
39 93 1
39 18 1
39 67 1
39 54 1
39 122 1
39 114 1
39 51 1
39 36 1
39 9 1
39 1 1
39 79 1
39 87 1
39 63 1
39 0 1
39 5 1
39 32 1
39 23 1
39 6 1
39 3 1
39 124 1
39 113 1
39 14 1
39 77 1
39 96 1
39 100 1
39 120 1
39 57 1
39 125 1
40 34 1
40 98 1
40 121 1
40 51 1
40 83 1
40 126 1
40 79 1
40 11 1
40 38 1
40 48 1
40 62 1
40 66 1
40 43 1
40 101 1
40 39 1
40 21 1
40 13 1
40 129 1
40 127 1
40 93 1
40 123 1
40 41 1
40 73 1
40 67 1
40 6 1
40 46 1
40 105 1
40 9 1
40 59 1
40 56 1
40 124 1
40 125 1
40 68 1
40 71 1
40 94 1
40 89 1
40 47 1
40 7 1
40 74 1
40 35 1
40 75 1
40 26 1
40 72 1
40 27 1
40 100 1
40 36 1
40 33 1
40 122 1
40 92 1
40 96 1
40 20 1
40 16 1
41 68 1
41 66 1
41 114 1
41 24 1
41 2 1
41 11 1
41 113 1
41 104 1
41 42 1
41 7 1
41 85 1
41 103 1
41 45 1
41 100 1
41 44 1
41 1 1
41 120 1
41 79 1
41 78 1
41 48 1
41 8 1
41 29 1
41 46 1
41 102 1
41 95 1
41 64 1
41 101 1
41 82 1
41 87 1
41 43 1
41 97 1
41 73 1
41 92 1
41 86 1
41 108 1
41 26 1
41 15 1
41 112 1
41 119 1
41 54 1
41 76 1
41 99 1
41 117 1
41 58 1
41 39 1
41 81 1
41 110 1
41 94 1
41 35 1
41 27 1
41 9 1
41 67 1
41 25 1
41 69 1
41 20 1
41 47 1
42 97 1
42 57 1
42 56 1
42 46 1
42 108 1
42 51 1
42 85 1
42 16 1
42 26 1
42 49 1
42 47 1
42 79 1
42 64 1
42 28 1
42 48 1
42 68 1
42 52 1
42 70 1
42 87 1
42 83 1
42 80 1
42 86 1
42 110 1
42 125 1
42 82 1
42 120 1
42 33 1
42 14 1
42 119 1
42 22 1
42 50 1
42 123 1
42 81 1
42 65 1
42 59 1
42 10 1
42 88 1
42 89 1
42 31 1
42 69 1
42 34 1
42 44 1
42 91 1
42 100 1
42 122 1
42 111 1
42 43 1
42 32 1
42 128 1
42 37 1
43 36 1
43 65 1
43 78 1
43 115 1
43 102 1
43 34 1
43 15 1
43 97 1
43 77 1
43 88 1
43 107 1
43 21 1
43 110 1
43 129 1
43 51 1
43 120 1
43 22 1
43 29 1
43 87 1
43 14 1
43 104 1
43 56 1
43 57 1
43 19 1
43 53 1
43 42 1
43 61 1
43 8 1
43 83 1
43 37 1
43 24 1
43 96 1
43 13 1
43 2 1
43 106 1
43 46 1
43 25 1
43 94 1
43 99 1
43 123 1
43 68 1
43 0 1
43 26 1
43 125 1
43 7 1
43 74 1
43 10 1
43 103 1
43 44 1
43 82 1
43 79 1
43 66 1
43 93 1
43 4 1
43 118 1
44 80 1
44 53 1
44 101 1
44 22 1
44 62 1
44 129 1
44 24 1
44 49 1
44 9 1
44 125 1
44 58 1
44 17 1
44 1 1
44 103 1
44 43 1
44 117 1
44 5 1
44 11 1
44 85 1
44 113 1
44 111 1
44 91 1
44 25 1
44 40 1
44 23 1
44 106 1
44 123 1
44 104 1
44 41 1
44 120 1
44 63 1
44 78 1
44 18 1
44 15 1
44 107 1
44 61 1
44 27 1
44 33 1
44 124 1
44 93 1
44 68 1
44 57 1
44 110 1
44 122 1
44 19 1
44 114 1
44 29 1
44 32 1
44 90 1
44 21 1
44 100 1
44 10 1
44 64 1
44 72 1
44 79 1
44 38 1
44 6 1
44 98 1
44 89 1
44 102 1
45 44 1
45 58 1
45 51 1
45 39 1
45 61 1
45 74 1
45 100 1
45 124 1
45 103 1
45 118 1
45 120 1
45 18 1
45 73 1
45 65 1
45 8 1
45 33 1
45 28 1
45 82 1
45 43 1
45 126 1
45 2 1
45 72 1
45 77 1
45 90 1
45 63 1
45 71 1
45 89 1
45 30 1
45 68 1
45 47 1
45 26 1
45 84 1
45 27 1
45 35 1
45 6 1
45 128 1
45 22 1
45 40 1
45 80 1
45 83 1
45 91 1
45 38 1
45 79 1
45 109 1
45 56 1
45 15 1
45 52 1
45 111 1
45 16 1
45 14 1
45 4 1
45 110 1
45 48 1
45 97 1
45 69 1
45 81 1
45 116 1
45 95 1
45 31 1
45 121 1
45 117 1
45 57 1
45 5 1
45 3 1
46 45 1
46 118 1
46 104 1
46 56 1
46 26 1
46 90 1
46 66 1
46 37 1
46 97 1
46 39 1
46 107 1
46 48 1
46 82 1
46 58 1
46 55 1
46 23 1
46 113 1
46 64 1
46 19 1
46 43 1
46 92 1
46 30 1
46 44 1
46 98 1
46 70 1
46 94 1
46 17 1
46 29 1
46 109 1
46 2 1
46 38 1
46 78 1
46 106 1
46 72 1
46 25 1
46 33 1
46 47 1
46 99 1
46 95 1
46 121 1
46 12 1
46 35 1
46 50 1
46 93 1
46 31 1
46 115 1
46 20 1
46 15 1
46 74 1
46 101 1
46 71 1
46 111 1
46 1 1
46 49 1
46 127 1
46 125 1
46 51 1
47 75 1
47 23 1
47 95 1
47 69 1
47 81 1
47 44 1
47 54 1
47 63 1
47 113 1
47 9 1
47 91 1
47 21 1
47 128 1
47 67 1
47 5 1
47 83 1
47 122 1
47 77 1
47 59 1
47 89 1
47 61 1
47 41 1
47 92 1
47 78 1
47 35 1
47 72 1
47 29 1
47 39 1
47 117 1
47 73 1
47 118 1
47 102 1
47 40 1
47 60 1
47 125 1
47 108 1
47 28 1
47 116 1
47 8 1
47 26 1
47 126 1
47 33 1
47 50 1
47 68 1
47 93 1
47 106 1
47 27 1
47 119 1
47 12 1
47 43 1
47 49 1
47 124 1
47 16 1
47 57 1
47 100 1
47 46 1
48 107 1
48 87 1
48 108 1
48 106 1
48 79 1
48 2 1
48 16 1
48 24 1
48 5 1
48 111 1
48 49 1
48 84 1
48 11 1
48 32 1
48 97 1
48 0 1
48 4 1
48 116 1
48 101 1
48 94 1
48 18 1
48 43 1
48 3 1
48 58 1
48 126 1
48 102 1
48 73 1
48 65 1
48 28 1
48 33 1
48 7 1
48 123 1
48 41 1
48 50 1
48 37 1
48 109 1
48 113 1
48 14 1
48 112 1
48 114 1
48 20 1
48 128 1
48 64 1
48 77 1
48 38 1
48 60 1
48 125 1
48 93 1
48 59 1
48 22 1
48 45 1
48 26 1
48 118 1
48 104 1
48 81 1
48 78 1
48 75 1
48 80 1
48 27 1
48 53 1
48 82 1
48 105 1
49 44 1
49 46 1
49 52 1
49 38 1
49 87 1
49 20 1
49 109 1
49 42 1
49 76 1
49 115 1
49 121 1
49 67 1
49 103 1
49 119 1
49 56 1
49 24 1
49 83 1
49 34 1
49 74 1
49 118 1
49 45 1
49 72 1
49 102 1
49 0 1
49 28 1
49 5 1
49 55 1
49 39 1
49 43 1
49 107 1
49 100 1
49 14 1
49 120 1
49 123 1
49 97 1
49 18 1
49 36 1
49 98 1
49 95 1
49 2 1
49 88 1
49 90 1
49 62 1
49 50 1
49 35 1
49 4 1
49 30 1
49 106 1
49 112 1
49 94 1
49 105 1
49 32 1
49 17 1
49 65 1
49 68 1
49 80 1
49 37 1
49 86 1
49 104 1
49 21 1
49 79 1
49 59 1
49 113 1
50 88 1
50 73 1
50 117 1
50 86 1
50 76 1
50 11 1
50 106 1
50 3 1
50 6 1
50 64 1
50 67 1
50 83 1
50 95 1
50 60 1
50 102 1
50 97 1
50 93 1
50 2 1
50 99 1
50 92 1
50 87 1
50 103 1
50 114 1
50 75 1
50 40 1
50 39 1
50 8 1
50 118 1
50 9 1
50 32 1
50 107 1
50 85 1
50 36 1
50 63 1
50 82 1
50 91 1
50 42 1
50 101 1
50 70 1
50 111 1
50 20 1
50 18 1
50 14 1
50 29 1
50 49 1
50 98 1
50 79 1
50 16 1
50 115 1
50 55 1
50 105 1
50 12 1
50 80 1
51 122 1
51 33 1
51 21 1
51 4 1
51 37 1
51 102 1
51 92 1
51 0 1
51 67 1
51 73 1
51 47 1
51 36 1
51 81 1
51 48 1
51 129 1
51 2 1
51 91 1
51 79 1
51 78 1
51 126 1
51 86 1
51 119 1
51 44 1
51 28 1
51 112 1
51 9 1
51 20 1
51 113 1
51 116 1
51 108 1
51 57 1
51 101 1
51 34 1
51 127 1
51 3 1
51 31 1
51 90 1
51 118 1
51 83 1
51 100 1
51 46 1
51 106 1
51 69 1
51 55 1
51 98 1
51 30 1
51 114 1
51 105 1
51 128 1
51 82 1
51 59 1
51 12 1
51 54 1
51 120 1
52 119 1
52 76 1
52 0 1
52 38 1
52 14 1
52 63 1
52 97 1
52 54 1
52 101 1
52 96 1
52 37 1
52 4 1
52 15 1
52 105 1
52 123 1
52 43 1
52 26 1
52 50 1
52 24 1
52 12 1
52 72 1
52 88 1
52 117 1
52 94 1
52 7 1
52 21 1
52 80 1
52 114 1
52 64 1
52 28 1
52 118 1
52 41 1
52 61 1
52 79 1
52 98 1
52 58 1
52 107 1
52 29 1
52 92 1
52 51 1
52 115 1
52 78 1
52 95 1
52 68 1
52 31 1
52 35 1
52 106 1
52 124 1
52 74 1
52 10 1
52 81 1
52 84 1
52 82 1
52 22 1
52 69 1
52 56 1
53 73 1
53 61 1
53 63 1
53 42 1
53 40 1
53 68 1
53 13 1
53 109 1
53 51 1
53 39 1
53 6 1
53 96 1
53 115 1
53 29 1
53 70 1
53 104 1
53 26 1
53 90 1
53 99 1
53 128 1
53 32 1
53 66 1
53 15 1
53 9 1
53 117 1
53 100 1
53 121 1
53 2 1
53 49 1
53 58 1
53 111 1
53 120 1
53 78 1
53 43 1
53 54 1
53 41 1
53 19 1
53 79 1
53 105 1
53 113 1
53 94 1
53 125 1
53 101 1
53 31 1
53 71 1
53 28 1
53 92 1
53 64 1
53 95 1
53 76 1
53 119 1
53 50 1
53 108 1
53 118 1
53 34 1
53 4 1
53 103 1
53 60 1
53 24 1
53 93 1
54 70 1
54 64 1
54 20 1
54 90 1
54 117 1
54 31 1
54 95 1
54 60 1
54 2 1
54 119 1
54 52 1
54 81 1
54 73 1
54 100 1
54 19 1
54 42 1
54 71 1
54 87 1
54 106 1
54 55 1
54 108 1
54 62 1
54 59 1
54 39 1
54 129 1
54 89 1
54 26 1
54 72 1
54 75 1
54 11 1
54 79 1
54 5 1
54 29 1
54 92 1
54 0 1
54 3 1
54 45 1
54 65 1
54 43 1
54 111 1
54 46 1
54 22 1
54 15 1
54 84 1
54 27 1
54 115 1
54 28 1
54 80 1
54 23 1
54 105 1
54 128 1
54 25 1
54 114 1
54 76 1
54 24 1
54 116 1
54 127 1
54 121 1
54 97 1
54 107 1
54 8 1
55 41 1
55 106 1
55 4 1
55 6 1
55 20 1
55 59 1
55 104 1
55 14 1
55 46 1
55 105 1
55 33 1
55 117 1
55 43 1
55 99 1
55 60 1
55 31 1
55 125 1
55 116 1
55 75 1
55 52 1
55 2 1
55 111 1
55 48 1
55 49 1
55 0 1
55 108 1
55 112 1
55 98 1
55 38 1
55 7 1
55 102 1
55 100 1
55 10 1
55 91 1
55 87 1
55 88 1
55 62 1
55 1 1
55 127 1
55 90 1
55 120 1
55 30 1
55 65 1
55 128 1
55 95 1
55 115 1
55 123 1
55 50 1
55 110 1
55 40 1
55 66 1
55 74 1
55 85 1
55 97 1
55 54 1
55 15 1
55 69 1
55 27 1
55 93 1
55 94 1
55 122 1
55 76 1
55 63 1
56 74 1
56 48 1
56 84 1
56 37 1
56 76 1
56 102 1
56 66 1
56 52 1
56 1 1
56 31 1
56 25 1
56 72 1
56 73 1
56 5 1
56 70 1
56 111 1
56 119 1
56 19 1
56 20 1
56 17 1
56 58 1
56 7 1
56 98 1
56 47 1
56 104 1
56 107 1
56 32 1
56 91 1
56 15 1
56 24 1
56 23 1
56 115 1
56 87 1
56 59 1
56 128 1
56 69 1
56 40 1
56 93 1
56 38 1
56 101 1
56 28 1
56 127 1
56 18 1
56 6 1
56 55 1
56 57 1
56 43 1
56 16 1
56 49 1
56 116 1
56 99 1
56 108 1
56 14 1
56 124 1
56 79 1
56 88 1
56 39 1
57 42 1
57 5 1
57 110 1
57 45 1
57 11 1
57 53 1
57 82 1
57 60 1
57 73 1
57 64 1
57 94 1
57 12 1
57 120 1
57 108 1
57 90 1
57 31 1
57 38 1
57 3 1
57 7 1
57 47 1
57 55 1
57 79 1
57 83 1
57 85 1
57 129 1
57 86 1
57 101 1
57 75 1
57 58 1
57 51 1
57 4 1
57 91 1
57 26 1
57 16 1
57 24 1
57 33 1
57 84 1
57 74 1
57 14 1
57 21 1
57 37 1
57 88 1
57 13 1
57 22 1
57 18 1
57 126 1
57 128 1
57 32 1
57 50 1
57 1 1
57 118 1
57 30 1
57 89 1
57 87 1
57 49 1
57 123 1
57 119 1
57 61 1
57 66 1
57 44 1
57 93 1
57 112 1
57 78 1
57 41 1
57 25 1
57 80 1
57 81 1
57 96 1
58 98 1
58 108 1
58 21 1
58 99 1
58 10 1
58 28 1
58 95 1
58 89 1
58 40 1
58 22 1
58 47 1
58 123 1
58 84 1
58 76 1
58 34 1
58 62 1
58 88 1
58 71 1
58 14 1
58 70 1
58 73 1
58 7 1
58 113 1
58 112 1
58 101 1
58 94 1
58 13 1
58 63 1
58 81 1
58 78 1
58 114 1
58 92 1
58 33 1
58 124 1
58 97 1
58 54 1
58 36 1
58 23 1
58 26 1
58 107 1
58 106 1
58 2 1
58 105 1
58 93 1
58 85 1
58 129 1
58 104 1
58 111 1
58 127 1
58 4 1
59 39 1
59 91 1
59 127 1
59 102 1
59 97 1
59 105 1
59 33 1
59 16 1
59 0 1
59 56 1
59 21 1
59 9 1
59 34 1
59 119 1
59 71 1
59 53 1
59 19 1
59 76 1
59 94 1
59 96 1
59 108 1
59 89 1
59 86 1
59 98 1
59 1 1
59 125 1
59 61 1
59 83 1
59 44 1
59 99 1
59 107 1
59 26 1
59 49 1
59 15 1
59 109 1
59 106 1
59 78 1
59 11 1
59 38 1
59 79 1
59 124 1
59 47 1
59 7 1
59 92 1
59 42 1
59 84 1
59 54 1
59 73 1
59 8 1
59 104 1
59 126 1
59 30 1
59 37 1
59 52 1
59 29 1
59 45 1
59 121 1
59 66 1
59 18 1
59 43 1
59 82 1
59 80 1
59 113 1
60 129 1
60 31 1
60 8 1
60 36 1
60 84 1
60 12 1
60 26 1
60 112 1
60 7 1
60 96 1
60 105 1
60 21 1
60 99 1
60 119 1
60 47 1
60 104 1
60 125 1
60 102 1
60 115 1
60 30 1
60 83 1
60 51 1
60 69 1
60 128 1
60 34 1
60 91 1
60 35 1
60 121 1
60 38 1
60 54 1
60 101 1
60 18 1
60 124 1
60 82 1
60 50 1
60 3 1
60 14 1
60 74 1
60 103 1
60 57 1
60 89 1
60 28 1
60 76 1
60 67 1
60 110 1
60 9 1
60 97 1
60 45 1
60 20 1
60 4 1
60 77 1
61 113 1
61 117 1
61 126 1
61 88 1
61 22 1
61 69 1
61 55 1
61 48 1
61 8 1
61 66 1
61 72 1
61 122 1
61 60 1
61 27 1
61 41 1
61 106 1
61 123 1
61 105 1
61 56 1
61 14 1
61 77 1
61 127 1
61 2 1
61 81 1
61 13 1
61 30 1
61 67 1
61 4 1
61 40 1
61 16 1
61 3 1
61 80 1
61 95 1
61 57 1
61 92 1
61 121 1
61 37 1
61 76 1
61 108 1
61 116 1
61 10 1
61 31 1
61 71 1
61 90 1
61 118 1
61 50 1
61 15 1
61 115 1
61 114 1
61 103 1
61 38 1
61 29 1
61 98 1
61 53 1
61 62 1
61 23 1
61 9 1
61 87 1
61 24 1
61 82 1
61 102 1
61 97 1
61 35 1
61 20 1
61 104 1
61 49 1
61 21 1
61 70 1
61 94 1
61 46 1
61 91 1
61 93 1
62 89 1
62 123 1
62 92 1
62 121 1
62 33 1
62 29 1
62 69 1
62 76 1
62 52 1
62 112 1
62 93 1
62 96 1
62 108 1
62 106 1
62 27 1
62 51 1
62 48 1
62 47 1
62 41 1
62 11 1
62 19 1
62 105 1
62 80 1
62 102 1
62 31 1
62 56 1
62 45 1
62 117 1
62 111 1
62 85 1
62 90 1
62 43 1
62 14 1
62 70 1
62 17 1
62 5 1
62 36 1
62 110 1
62 12 1
62 127 1
62 94 1
62 122 1
62 54 1
62 34 1
62 13 1
62 119 1
62 98 1
62 23 1
62 124 1
62 22 1
62 58 1
62 86 1
62 40 1
62 128 1
62 59 1
62 126 1
62 81 1
62 67 1
62 3 1
63 18 1
63 128 1
63 9 1
63 90 1
63 25 1
63 29 1
63 71 1
63 27 1
63 58 1
63 69 1
63 113 1
63 96 1
63 78 1
63 53 1
63 110 1
63 16 1
63 20 1
63 101 1
63 120 1
63 52 1
63 28 1
63 26 1
63 129 1
63 12 1
63 23 1
63 57 1
63 91 1
63 83 1
63 108 1
63 95 1
63 2 1
63 70 1
63 79 1
63 88 1
63 111 1
63 0 1
63 86 1
63 116 1
63 119 1
63 37 1
63 22 1
63 1 1
63 118 1
63 123 1
63 5 1
63 54 1
63 106 1
63 44 1
63 87 1
63 99 1
63 64 1
63 50 1
63 39 1
63 60 1
63 112 1
63 100 1
63 81 1
63 122 1
63 102 1
63 109 1
63 6 1
63 45 1
63 36 1
63 121 1
63 66 1
63 7 1
64 14 1
64 57 1
64 83 1
64 100 1
64 71 1
64 85 1
64 118 1
64 51 1
64 108 1
64 34 1
64 125 1
64 76 1
64 32 1
64 112 1
64 127 1
64 92 1
64 19 1
64 3 1
64 77 1
64 53 1
64 79 1
64 123 1
64 43 1
64 47 1
64 81 1
64 126 1
64 103 1
64 15 1
64 114 1
64 116 1
64 6 1
64 2 1
64 102 1
64 78 1
64 26 1
64 82 1
64 65 1
64 73 1
64 35 1
64 36 1
64 105 1
64 124 1
64 115 1
64 21 1
64 66 1
64 67 1
64 63 1
64 93 1
64 101 1
64 10 1
64 27 1
64 74 1
64 31 1
64 119 1
64 58 1
64 44 1
64 9 1
64 128 1
64 24 1
65 83 1
65 23 1
65 89 1
65 57 1
65 37 1
65 55 1
65 4 1
65 100 1
65 111 1
65 60 1
65 26 1
65 86 1
65 77 1
65 88 1
65 96 1
65 33 1
65 22 1
65 113 1
65 101 1
65 68 1
65 91 1
65 24 1
65 120 1
65 21 1
65 92 1
65 39 1
65 87 1
65 75 1
65 117 1
65 61 1
65 52 1
65 107 1
65 59 1
65 32 1
65 41 1
65 90 1
65 81 1
65 42 1
65 49 1
65 8 1
65 46 1
65 121 1
65 76 1
65 56 1
65 118 1
65 112 1
65 20 1
65 69 1
65 34 1
65 64 1
65 95 1
65 109 1
65 17 1
65 28 1
65 78 1
65 110 1
65 105 1
65 67 1
65 70 1
66 101 1
66 85 1
66 90 1
66 25 1
66 64 1
66 46 1
66 17 1
66 18 1
66 4 1
66 30 1
66 53 1
66 89 1
66 44 1
66 119 1
66 59 1
66 87 1
66 124 1
66 38 1
66 106 1
66 123 1
66 31 1
66 5 1
66 9 1
66 41 1
66 111 1
66 0 1
66 62 1
66 122 1
66 110 1
66 54 1
66 76 1
66 84 1
66 93 1
66 69 1
66 67 1
66 96 1
66 43 1
66 48 1
66 36 1
66 70 1
66 39 1
66 91 1
66 97 1
66 102 1
66 52 1
66 95 1
66 81 1
66 61 1
66 104 1
66 74 1
66 68 1
66 14 1
66 99 1
66 105 1
66 118 1
66 120 1
66 114 1
66 3 1
66 72 1
66 34 1
66 86 1
66 63 1
66 51 1
66 20 1
67 95 1
67 46 1
67 44 1
67 40 1
67 126 1
67 117 1
67 57 1
67 72 1
67 35 1
67 108 1
67 104 1
67 39 1
67 24 1
67 32 1
67 106 1
67 88 1
67 22 1
67 89 1
67 42 1
67 60 1
67 71 1
67 86 1
67 52 1
67 50 1
67 15 1
67 55 1
67 17 1
67 120 1
67 119 1
67 129 1
67 112 1
67 79 1
67 53 1
67 0 1
67 110 1
67 69 1
67 4 1
67 9 1
67 48 1
67 70 1
67 105 1
67 51 1
67 30 1
67 91 1
67 23 1
67 58 1
67 101 1
67 41 1
67 81 1
67 124 1
67 98 1
67 62 1
68 110 1
68 67 1
68 126 1
68 99 1
68 53 1
68 36 1
68 1 1
68 38 1
68 92 1
68 30 1
68 100 1
68 15 1
68 5 1
68 72 1
68 37 1
68 122 1
68 78 1
68 115 1
68 51 1
68 49 1
68 10 1
68 117 1
68 88 1
68 3 1
68 70 1
68 56 1
68 47 1
68 116 1
68 77 1
68 97 1
68 61 1
68 111 1
68 101 1
68 125 1
68 60 1
68 76 1
68 120 1
68 35 1
68 26 1
68 19 1
68 18 1
68 113 1
68 42 1
68 57 1
68 96 1
68 127 1
68 83 1
68 74 1
68 40 1
68 20 1
68 16 1
68 52 1
68 112 1
68 33 1
68 25 1
68 108 1
68 89 1
69 90 1
69 53 1
69 120 1
69 108 1
69 72 1
69 60 1
69 0 1
69 45 1
69 31 1
69 129 1
69 119 1
69 24 1
69 121 1
69 38 1
69 2 1
69 56 1
69 20 1
69 101 1
69 68 1
69 110 1
69 86 1
69 14 1
69 27 1
69 37 1
69 16 1
69 5 1
69 76 1
69 80 1
69 95 1
69 83 1
69 18 1
69 19 1
69 59 1
69 57 1
69 92 1
69 9 1
69 65 1
69 41 1
69 21 1
69 100 1
69 7 1
69 54 1
69 52 1
69 91 1
69 23 1
69 96 1
69 87 1
69 79 1
69 93 1
69 84 1
70 64 1
70 85 1
70 40 1
70 82 1
70 45 1
70 52 1
70 10 1
70 76 1
70 91 1
70 100 1
70 12 1
70 71 1
70 1 1
70 98 1
70 35 1
70 74 1
70 116 1
70 73 1
70 110 1
70 108 1
70 44 1
70 2 1
70 59 1
70 88 1
70 109 1
70 6 1
70 67 1
70 15 1
70 120 1
70 119 1
70 117 1
70 49 1
70 39 1
70 65 1
70 37 1
70 32 1
70 60 1
70 78 1
70 54 1
70 48 1
70 56 1
70 63 1
70 22 1
70 84 1
70 79 1
70 4 1
70 23 1
70 33 1
70 118 1
70 124 1
70 3 1
70 9 1
70 90 1
70 43 1
70 106 1
70 75 1
70 125 1
70 8 1
70 7 1
70 86 1
71 34 1
71 110 1
71 74 1
71 33 1
71 42 1
71 96 1
71 114 1
71 41 1
71 64 1
71 69 1
71 121 1
71 83 1
71 90 1
71 51 1
71 48 1
71 0 1
71 16 1
71 91 1
71 26 1
71 50 1
71 128 1
71 97 1
71 57 1
71 104 1
71 66 1
71 94 1
71 75 1
71 93 1
71 120 1
71 47 1
71 44 1
71 7 1
71 103 1
71 13 1
71 21 1
71 55 1
71 3 1
71 115 1
71 39 1
71 123 1
71 28 1
71 19 1
71 79 1
71 95 1
71 54 1
71 22 1
71 98 1
71 87 1
71 117 1
71 27 1
71 86 1
71 100 1
71 72 1
71 2 1
71 52 1
71 56 1
71 9 1
71 35 1
71 126 1
71 60 1
71 102 1
71 65 1
71 70 1
71 1 1
72 51 1
72 32 1
72 38 1
72 23 1
72 8 1
72 104 1
72 24 1
72 28 1
72 40 1
72 124 1
72 20 1
72 45 1
72 95 1
72 123 1
72 89 1
72 53 1
72 86 1
72 60 1
72 75 1
72 94 1
72 63 1
72 62 1
72 120 1
72 34 1
72 127 1
72 116 1
72 82 1
72 119 1
72 107 1
72 100 1
72 36 1
72 101 1
72 90 1
72 6 1
72 125 1
72 77 1
72 7 1
72 64 1
72 80 1
72 103 1
72 76 1
72 106 1
72 112 1
72 113 1
72 16 1
72 18 1
72 68 1
72 13 1
72 35 1
72 67 1
72 55 1
72 54 1
72 126 1
72 111 1
72 70 1
72 99 1
72 12 1
72 92 1
72 128 1
72 49 1
72 71 1
72 74 1
72 33 1
72 73 1
72 41 1
72 96 1
73 70 1
73 103 1
73 43 1
73 35 1
73 124 1
73 19 1
73 42 1
73 123 1
73 90 1
73 54 1
73 87 1
73 29 1
73 116 1
73 76 1
73 120 1
73 50 1
73 85 1
73 15 1
73 25 1
73 68 1
73 6 1
73 102 1
73 1 1
73 10 1
73 40 1
73 129 1
73 89 1
73 104 1
73 7 1
73 93 1
73 8 1
73 97 1
73 127 1
73 41 1
73 92 1
73 88 1
73 80 1
73 46 1
73 38 1
73 39 1
73 34 1
73 107 1
73 17 1
73 75 1
73 86 1
73 61 1
73 98 1
73 71 1
73 67 1
73 52 1
73 109 1
73 62 1
73 106 1
73 32 1
73 21 1
73 5 1
74 16 1
74 49 1
74 4 1
74 6 1
74 78 1
74 116 1
74 121 1
74 40 1
74 15 1
74 17 1
74 33 1
74 47 1
74 85 1
74 96 1
74 19 1
74 104 1
74 90 1
74 123 1
74 77 1
74 2 1
74 46 1
74 61 1
74 89 1
74 87 1
74 63 1
74 99 1
74 60 1
74 24 1
74 56 1
74 18 1
74 105 1
74 27 1
74 92 1
74 108 1
74 32 1
74 69 1
74 21 1
74 101 1
74 111 1
74 83 1
74 103 1
74 86 1
74 39 1
74 107 1
74 55 1
74 54 1
74 125 1
74 109 1
74 29 1
75 5 1
75 8 1
75 3 1
75 74 1
75 30 1
75 44 1
75 79 1
75 107 1
75 120 1
75 0 1
75 128 1
75 41 1
75 121 1
75 16 1
75 25 1
75 2 1
75 102 1
75 106 1
75 49 1
75 71 1
75 55 1
75 48 1
75 105 1
75 113 1
75 90 1
75 39 1
75 70 1
75 1 1
75 35 1
75 10 1
75 43 1
75 87 1
75 84 1
75 76 1
75 94 1
75 53 1
75 12 1
75 125 1
75 11 1
75 112 1
75 103 1
75 15 1
75 14 1
75 62 1
75 81 1
75 104 1
75 117 1
75 92 1
75 47 1
75 97 1
75 52 1
75 95 1
75 123 1
75 99 1
75 31 1
75 9 1
75 126 1
76 127 1
76 4 1
76 50 1
76 39 1
76 80 1
76 102 1
76 111 1
76 73 1
76 8 1
76 83 1
76 119 1
76 70 1
76 22 1
76 9 1
76 26 1
76 27 1
76 42 1
76 30 1
76 104 1
76 17 1
76 1 1
76 25 1
76 100 1
76 41 1
76 58 1
76 97 1
76 75 1
76 86 1
76 121 1
76 78 1
76 47 1
76 93 1
76 33 1
76 120 1
76 31 1
76 18 1
76 129 1
76 72 1
76 21 1
76 89 1
76 11 1
76 109 1
76 90 1
76 95 1
76 79 1
76 52 1
76 92 1
76 12 1
76 115 1
76 118 1
76 23 1
76 49 1
76 0 1
76 106 1
76 38 1
76 36 1
76 81 1
76 3 1
76 7 1
76 56 1
76 77 1
76 101 1
76 64 1
76 105 1
76 69 1
76 61 1
76 98 1
77 56 1
77 9 1
77 39 1
77 129 1
77 76 1
77 111 1
77 10 1
77 20 1
77 79 1
77 50 1
77 80 1
77 94 1
77 126 1
77 31 1
77 3 1
77 44 1
77 61 1
77 96 1
77 65 1
77 64 1
77 82 1
77 90 1
77 128 1
77 36 1
77 21 1
77 73 1
77 110 1
77 16 1
77 105 1
77 87 1
77 42 1
77 6 1
77 107 1
77 29 1
77 35 1
77 8 1
77 32 1
77 33 1
77 70 1
77 38 1
77 47 1
77 48 1
78 63 1
78 29 1
78 33 1
78 124 1
78 82 1
78 68 1
78 118 1
78 126 1
78 88 1
78 73 1
78 122 1
78 125 1
78 113 1
78 76 1
78 56 1
78 10 1
78 49 1
78 57 1
78 81 1
78 7 1
78 100 1
78 77 1
78 69 1
78 101 1
78 123 1
78 51 1
78 58 1
78 94 1
78 62 1
78 15 1
78 54 1
78 117 1
78 119 1
78 48 1
78 11 1
78 97 1
78 109 1
78 95 1
78 39 1
78 106 1
78 34 1
78 2 1
78 3 1
78 32 1
78 103 1
78 5 1
78 25 1
78 111 1
78 121 1
78 120 1
78 16 1
78 28 1
78 44 1
78 89 1
78 4 1
78 92 1
78 31 1
78 71 1
78 26 1
79 14 1
79 11 1
79 109 1
79 88 1
79 82 1
79 27 1
79 123 1
79 34 1
79 35 1
79 93 1
79 44 1
79 10 1
79 24 1
79 70 1
79 19 1
79 30 1
79 72 1
79 71 1
79 32 1
79 125 1
79 106 1
79 42 1
79 103 1
79 41 1
79 3 1
79 76 1
79 43 1
79 16 1
79 97 1
79 63 1
79 101 1
79 111 1
79 5 1
79 89 1
79 65 1
79 23 1
79 69 1
79 127 1
79 47 1
79 8 1
79 117 1
79 73 1
79 53 1
79 112 1
79 21 1
79 67 1
79 7 1
79 86 1
79 54 1
79 15 1
79 121 1
79 26 1
79 40 1
79 119 1
79 48 1
79 80 1
79 110 1
79 105 1
79 83 1
79 50 1
79 1 1
79 74 1
79 113 1
79 129 1
79 60 1
80 125 1
80 104 1
80 73 1
80 19 1
80 68 1
80 95 1
80 51 1
80 79 1
80 30 1
80 60 1
80 64 1
80 21 1
80 8 1
80 63 1
80 0 1
80 58 1
80 29 1
80 98 1
80 84 1
80 36 1
80 89 1
80 110 1
80 40 1
80 120 1
80 41 1
80 127 1
80 94 1
80 93 1
80 42 1
80 109 1
80 14 1
80 101 1
80 11 1
80 25 1
80 100 1
80 99 1
80 59 1
80 119 1
80 47 1
80 116 1
80 87 1
80 124 1
80 90 1
80 77 1
80 52 1
80 48 1
80 22 1
80 92 1
80 97 1
80 10 1
80 44 1
80 34 1
80 113 1
80 1 1
80 114 1
80 111 1
80 65 1
80 70 1
80 26 1
81 48 1
81 93 1
81 88 1
81 60 1
81 9 1
81 47 1
81 109 1
81 111 1
81 74 1
81 100 1
81 55 1
81 118 1
81 75 1
81 120 1
81 129 1
81 66 1
81 112 1
81 71 1
81 96 1
81 51 1
81 35 1
81 73 1
81 94 1
81 33 1
81 10 1
81 122 1
81 63 1
81 52 1
81 29 1
81 67 1
81 86 1
81 53 1
81 99 1
81 124 1
81 82 1
81 19 1
81 80 1
81 102 1
81 15 1
81 3 1
81 56 1
81 59 1
81 2 1
81 12 1
81 36 1
81 16 1
81 46 1
81 121 1
81 40 1
81 107 1
81 113 1
81 62 1
81 72 1
81 5 1
81 115 1
81 37 1
81 83 1
81 11 1
81 95 1
81 91 1
82 118 1
82 54 1
82 55 1
82 27 1
82 121 1
82 74 1
82 44 1
82 3 1
82 75 1
82 34 1
82 5 1
82 14 1
82 96 1
82 93 1
82 78 1
82 124 1
82 114 1
82 94 1
82 120 1
82 36 1
82 45 1
82 105 1
82 39 1
82 107 1
82 128 1
82 20 1
82 19 1
82 25 1
82 76 1
82 26 1
82 115 1
82 127 1
82 101 1
82 84 1
82 129 1
82 98 1
82 51 1
82 1 1
82 6 1
82 42 1
82 72 1
82 58 1
82 66 1
82 2 1
82 30 1
82 11 1
82 38 1
82 77 1
82 24 1
82 112 1
82 91 1
82 0 1
83 56 1
83 55 1
83 84 1
83 45 1
83 40 1
83 3 1
83 63 1
83 113 1
83 108 1
83 62 1
83 101 1
83 26 1
83 91 1
83 125 1
83 75 1
83 70 1
83 1 1
83 33 1
83 111 1
83 22 1
83 118 1
83 126 1
83 52 1
83 103 1
83 94 1
83 9 1
83 114 1
83 27 1
83 10 1
83 53 1
83 61 1
83 67 1
83 81 1
83 16 1
83 66 1
83 28 1
83 116 1
83 68 1
83 127 1
83 92 1
83 117 1
83 42 1
83 124 1
83 93 1
83 0 1
83 38 1
83 31 1
83 47 1
83 13 1
83 57 1
83 129 1
83 121 1
83 6 1
83 44 1
83 72 1
83 122 1
84 72 1
84 64 1
84 16 1
84 2 1
84 66 1
84 65 1
84 57 1
84 63 1
84 9 1
84 80 1
84 19 1
84 18 1
84 70 1
84 115 1
84 13 1
84 121 1
84 17 1
84 45 1
84 110 1
84 67 1
84 23 1
84 109 1
84 125 1
84 88 1
84 98 1
84 32 1
84 25 1
84 60 1
84 55 1
84 38 1
84 119 1
84 93 1
84 37 1
84 120 1
84 83 1
84 95 1
84 56 1
84 114 1
84 4 1
84 117 1
84 99 1
84 87 1
84 78 1
84 86 1
84 118 1
85 9 1
85 127 1
85 63 1
85 99 1
85 129 1
85 49 1
85 7 1
85 88 1
85 93 1
85 75 1
85 40 1
85 83 1
85 60 1
85 105 1
85 45 1
85 6 1
85 51 1
85 28 1
85 21 1
85 82 1
85 122 1
85 11 1
85 100 1
85 108 1
85 101 1
85 16 1
85 91 1
85 23 1
85 62 1
85 53 1
85 118 1
85 32 1
85 68 1
85 92 1
85 126 1
85 29 1
85 104 1
85 112 1
85 84 1
85 37 1
85 58 1
85 54 1
85 1 1
85 50 1
85 42 1
85 90 1
85 117 1
85 56 1
85 97 1
85 33 1
85 109 1
85 24 1
85 113 1
85 102 1
85 46 1
85 80 1
85 5 1
86 57 1
86 111 1
86 48 1
86 15 1
86 35 1
86 119 1
86 105 1
86 93 1
86 5 1
86 109 1
86 129 1
86 92 1
86 125 1
86 62 1
86 28 1
86 56 1
86 58 1
86 114 1
86 53 1
86 21 1
86 27 1
86 60 1
86 80 1
86 31 1
86 65 1
86 117 1
86 24 1
86 79 1
86 120 1
86 88 1
86 110 1
86 10 1
86 36 1
86 75 1
86 81 1
86 94 1
86 128 1
86 46 1
86 78 1
86 77 1
86 51 1
86 29 1
86 73 1
86 42 1
86 38 1
86 112 1
86 25 1
86 99 1
86 95 1
86 3 1
86 26 1
87 118 1
87 82 1
87 71 1
87 4 1
87 44 1
87 57 1
87 116 1
87 31 1
87 46 1
87 53 1
87 78 1
87 89 1
87 74 1
87 119 1
87 125 1
87 21 1
87 56 1
87 0 1
87 66 1
87 39 1
87 92 1
87 105 1
87 67 1
87 62 1
87 40 1
87 2 1
87 42 1
87 28 1
87 45 1
87 24 1
87 126 1
87 114 1
87 104 1
87 27 1
87 59 1
87 41 1
87 6 1
87 25 1
87 16 1
87 30 1
87 69 1
87 84 1
87 107 1
87 103 1
87 81 1
87 51 1
87 117 1
87 5 1
87 106 1
87 102 1
87 79 1
87 36 1
87 112 1
87 91 1
87 19 1
87 14 1
87 96 1
87 35 1
87 127 1
87 93 1
87 65 1
87 1 1
87 7 1
88 94 1
88 120 1
88 75 1
88 84 1
88 1 1
88 53 1
88 71 1
88 30 1
88 108 1
88 10 1
88 7 1
88 80 1
88 79 1
88 27 1
88 22 1
88 81 1
88 86 1
88 103 1
88 92 1
88 93 1
88 97 1
88 87 1
88 106 1
88 121 1
88 13 1
88 18 1
88 26 1
88 25 1
88 116 1
88 96 1
88 66 1
88 114 1
88 76 1
88 21 1
88 15 1
88 55 1
88 49 1
88 17 1
88 64 1
88 129 1
88 110 1
88 24 1
88 113 1
88 124 1
88 52 1
88 65 1
88 74 1
88 126 1
88 28 1
88 90 1
88 2 1
88 5 1
88 42 1
88 105 1
88 23 1
88 39 1
88 11 1
88 109 1
88 44 1
88 107 1
88 67 1
88 16 1
89 93 1
89 13 1
89 60 1
89 11 1
89 94 1
89 21 1
89 20 1
89 64 1
89 49 1
89 88 1
89 1 1
89 10 1
89 45 1
89 34 1
89 107 1
89 14 1
89 44 1
89 102 1
89 46 1
89 52 1
89 115 1
89 15 1
89 118 1
89 74 1
89 35 1
89 78 1
89 66 1
89 25 1
89 81 1
89 68 1
89 56 1
89 108 1
89 80 1
89 126 1
89 57 1
89 129 1
89 29 1
89 4 1
89 23 1
89 95 1
89 59 1
89 3 1
89 38 1
89 6 1
89 84 1
89 55 1
89 22 1
89 65 1
89 103 1
89 39 1
89 71 1
89 54 1
89 63 1
89 120 1
89 111 1
89 114 1
89 58 1
89 125 1
89 117 1
89 5 1
89 87 1
89 101 1
89 122 1
90 15 1
90 128 1
90 6 1
90 118 1
90 123 1
90 13 1
90 36 1
90 70 1
90 120 1
90 81 1
90 5 1
90 0 1
90 27 1
90 106 1
90 97 1
90 17 1
90 43 1
90 104 1
90 87 1
90 126 1
90 51 1
90 111 1
90 107 1
90 29 1
90 31 1
90 117 1
90 93 1
90 48 1
90 4 1
90 35 1
90 60 1
90 34 1
90 78 1
90 14 1
90 22 1
90 79 1
90 12 1
90 71 1
90 44 1
90 63 1
90 56 1
90 95 1
90 109 1
90 108 1
90 30 1
90 26 1
90 37 1
90 55 1
90 46 1
90 66 1
90 49 1
90 98 1
90 116 1
90 10 1
90 69 1
90 83 1
90 122 1
90 59 1
90 80 1
90 129 1
91 7 1
91 36 1
91 127 1
91 56 1
91 113 1
91 40 1
91 102 1
91 90 1
91 94 1
91 12 1
91 57 1
91 2 1
91 100 1
91 58 1
91 83 1
91 97 1
91 68 1
91 61 1
91 35 1
91 98 1
91 29 1
91 77 1
91 128 1
91 22 1
91 118 1
91 19 1
91 41 1
91 70 1
91 81 1
91 82 1
91 65 1
91 126 1
91 9 1
91 104 1
91 124 1
91 106 1
91 31 1
91 73 1
91 43 1
91 45 1
91 122 1
91 119 1
91 88 1
91 71 1
91 38 1
91 11 1
91 37 1
91 25 1
91 105 1
91 50 1
91 121 1
91 123 1
91 33 1
91 55 1
91 15 1
91 93 1
91 78 1
91 62 1
91 23 1
92 39 1
92 29 1
92 125 1
92 34 1
92 103 1
92 52 1
92 117 1
92 58 1
92 19 1
92 108 1
92 94 1
92 30 1
92 114 1
92 56 1
92 76 1
92 57 1
92 26 1
92 36 1
92 28 1
92 121 1
92 6 1
92 119 1
92 89 1
92 16 1
92 23 1
92 101 1
92 128 1
92 18 1
92 7 1
92 79 1
92 62 1
92 122 1
92 69 1
92 4 1
92 15 1
92 67 1
92 13 1
92 85 1
92 59 1
92 73 1
92 123 1
92 90 1
92 100 1
92 60 1
92 12 1
92 98 1
92 109 1
92 40 1
92 17 1
92 107 1
92 91 1
92 54 1
92 51 1
92 80 1
92 8 1
92 0 1
92 3 1
93 49 1
93 47 1
93 24 1
93 111 1
93 94 1
93 44 1
93 128 1
93 79 1
93 55 1
93 57 1
93 89 1
93 120 1
93 88 1
93 109 1
93 36 1
93 58 1
93 37 1
93 108 1
93 3 1
93 96 1
93 61 1
93 11 1
93 86 1
93 80 1
93 56 1
93 35 1
93 90 1
93 78 1
93 53 1
93 52 1
93 7 1
93 30 1
93 6 1
93 110 1
93 32 1
93 23 1
93 5 1
93 39 1
93 118 1
93 63 1
93 116 1
93 20 1
93 101 1
93 75 1
93 15 1
93 82 1
93 102 1
93 34 1
93 105 1
93 124 1
93 84 1
93 69 1
94 68 1
94 72 1
94 26 1
94 75 1
94 3 1
94 96 1
94 61 1
94 16 1
94 39 1
94 88 1
94 110 1
94 92 1
94 90 1
94 80 1
94 74 1
94 38 1
94 114 1
94 51 1
94 31 1
94 11 1
94 119 1
94 43 1
94 23 1
94 113 1
94 108 1
94 129 1
94 67 1
94 62 1
94 85 1
94 125 1
94 69 1
94 112 1
94 36 1
94 109 1
94 47 1
94 46 1
94 4 1
94 65 1
94 58 1
94 14 1
94 98 1
94 128 1
94 5 1
94 1 1
94 102 1
94 40 1
94 10 1
94 120 1
94 45 1
94 81 1
94 6 1
94 49 1
94 118 1
95 72 1
95 86 1
95 19 1
95 91 1
95 24 1
95 41 1
95 64 1
95 29 1
95 9 1
95 6 1
95 47 1
95 49 1
95 45 1
95 79 1
95 68 1
95 98 1
95 73 1
95 126 1
95 1 1
95 63 1
95 96 1
95 80 1
95 28 1
95 44 1
95 74 1
95 122 1
95 109 1
95 87 1
95 121 1
95 56 1
95 92 1
95 17 1
95 61 1
95 129 1
95 15 1
95 99 1
95 85 1
95 90 1
95 118 1
95 25 1
95 60 1
95 43 1
95 67 1
95 0 1
95 58 1
95 3 1
95 88 1
95 21 1
95 104 1
95 18 1
95 120 1
95 75 1
95 65 1
95 14 1
95 82 1
95 27 1
95 106 1
95 70 1
95 112 1
96 73 1
96 70 1
96 81 1
96 124 1
96 22 1
96 127 1
96 90 1
96 85 1
96 52 1
96 77 1
96 102 1
96 113 1
96 13 1
96 50 1
96 129 1
96 117 1
96 120 1
96 116 1
96 48 1
96 88 1
96 62 1
96 83 1
96 24 1
96 71 1
96 92 1
96 34 1
96 25 1
96 98 1
96 94 1
96 100 1
96 6 1
96 65 1
96 79 1
96 56 1
96 11 1
96 63 1
96 16 1
96 29 1
96 46 1
96 40 1
96 45 1
96 55 1
96 104 1
96 41 1
96 7 1
96 72 1
96 128 1
96 68 1
96 99 1
96 84 1
96 103 1
96 80 1
96 76 1
96 119 1
96 69 1
96 47 1
96 86 1
96 115 1
96 105 1
96 9 1
97 36 1
97 4 1
97 71 1
97 105 1
97 58 1
97 86 1
97 63 1
97 69 1
97 57 1
97 103 1
97 129 1
97 10 1
97 26 1
97 44 1
97 81 1
97 98 1
97 21 1
97 3 1
97 13 1
97 75 1
97 52 1
97 83 1
97 73 1
97 35 1
97 42 1
97 18 1
97 104 1
97 33 1
97 5 1
97 126 1
97 108 1
97 62 1
97 11 1
97 109 1
97 47 1
97 76 1
97 56 1
97 27 1
97 9 1
97 43 1
97 79 1
97 91 1
97 106 1
97 32 1
97 120 1
97 7 1
97 59 1
97 82 1
97 66 1
97 53 1
97 24 1
97 85 1
97 124 1
97 113 1
97 25 1
97 93 1
97 101 1
97 61 1
97 65 1
97 48 1
97 23 1
98 88 1
98 94 1
98 0 1
98 99 1
98 3 1
98 80 1
98 123 1
98 112 1
98 93 1
98 78 1
98 33 1
98 113 1
98 43 1
98 110 1
98 106 1
98 75 1
98 102 1
98 83 1
98 45 1
98 108 1
98 31 1
98 41 1
98 74 1
98 125 1
98 91 1
98 34 1
98 61 1
98 82 1
98 24 1
98 42 1
98 27 1
98 116 1
98 40 1
98 16 1
98 105 1
98 64 1
98 68 1
98 66 1
98 8 1
98 72 1
98 44 1
98 60 1
98 58 1
98 77 1
98 2 1
98 92 1
98 65 1
98 54 1
98 55 1
99 129 1
99 77 1
99 108 1
99 56 1
99 4 1
99 45 1
99 67 1
99 31 1
99 70 1
99 6 1
99 18 1
99 93 1
99 35 1
99 51 1
99 28 1
99 79 1
99 9 1
99 119 1
99 5 1
99 55 1
99 125 1
99 34 1
99 103 1
99 101 1
99 60 1
99 72 1
99 68 1
99 127 1
99 37 1
99 94 1
99 43 1
99 118 1
99 96 1
99 22 1
99 65 1
99 42 1
99 121 1
99 107 1
99 74 1
99 25 1
99 39 1
99 21 1
99 88 1
99 0 1
99 40 1
99 13 1
99 86 1
99 82 1
99 83 1
99 76 1
99 66 1
99 20 1
99 11 1
99 64 1
99 102 1
100 59 1
100 104 1
100 40 1
100 68 1
100 67 1
100 77 1
100 125 1
100 71 1
100 2 1
100 106 1
100 93 1
100 14 1
100 53 1
100 86 1
100 65 1
100 29 1
100 88 1
100 62 1
100 46 1
100 41 1
100 102 1
100 110 1
100 97 1
100 13 1
100 79 1
100 7 1
100 34 1
100 49 1
100 16 1
100 30 1
100 83 1
100 129 1
100 12 1
100 121 1
100 8 1
100 64 1
100 123 1
100 31 1
100 94 1
100 105 1
100 90 1
100 107 1
100 25 1
100 70 1
100 89 1
100 37 1
100 101 1
100 69 1
100 1 1
100 23 1
100 63 1
100 42 1
100 17 1
100 50 1
100 98 1
100 60 1
100 3 1
100 109 1
100 32 1
101 89 1
101 106 1
101 5 1
101 34 1
101 13 1
101 128 1
101 116 1
101 72 1
101 28 1
101 125 1
101 37 1
101 49 1
101 50 1
101 44 1
101 94 1
101 25 1
101 22 1
101 121 1
101 14 1
101 83 1
101 85 1
101 58 1
101 15 1
101 23 1
101 38 1
101 122 1
101 108 1
101 59 1
101 61 1
101 74 1
101 77 1
101 93 1
101 8 1
101 65 1
101 30 1
101 9 1
101 24 1
101 1 1
101 33 1
101 114 1
101 124 1
101 111 1
101 6 1
101 76 1
101 10 1
101 113 1
101 51 1
101 19 1
101 27 1
101 7 1
101 53 1
101 66 1
101 90 1
101 35 1
101 105 1
101 127 1
101 104 1
102 21 1
102 68 1
102 43 1
102 10 1
102 42 1
102 44 1
102 32 1
102 19 1
102 92 1
102 129 1
102 93 1
102 116 1
102 106 1
102 88 1
102 70 1
102 80 1
102 122 1
102 115 1
102 12 1
102 23 1
102 62 1
102 47 1
102 125 1
102 25 1
102 126 1
102 109 1
102 39 1
102 118 1
102 83 1
102 94 1
102 104 1
102 56 1
102 98 1
102 14 1
102 16 1
102 85 1
102 101 1
102 26 1
102 1 1
102 64 1
102 65 1
102 121 1
102 51 1
102 108 1
102 53 1
102 8 1
102 69 1
102 50 1
102 49 1
102 103 1
102 13 1
102 28 1
102 113 1
102 81 1
102 90 1
102 38 1
102 6 1
102 45 1
103 126 1
103 120 1
103 15 1
103 106 1
103 125 1
103 112 1
103 40 1
103 111 1
103 61 1
103 50 1
103 69 1
103 2 1
103 25 1
103 6 1
103 45 1
103 20 1
103 57 1
103 75 1
103 44 1
103 90 1
103 102 1
103 38 1
103 100 1
103 105 1
103 48 1
103 117 1
103 10 1
103 123 1
103 68 1
103 115 1
103 23 1
103 93 1
103 63 1
103 67 1
103 71 1
103 1 1
103 37 1
103 114 1
103 17 1
103 59 1
103 101 1
103 95 1
103 97 1
103 41 1
103 109 1
103 127 1
103 56 1
103 64 1
103 83 1
103 74 1
103 49 1
103 70 1
103 118 1
103 96 1
103 52 1
103 107 1
103 33 1
104 64 1
104 35 1
104 82 1
104 46 1
104 7 1
104 17 1
104 37 1
104 2 1
104 89 1
104 48 1
104 56 1
104 124 1
104 63 1
104 118 1
104 96 1
104 28 1
104 127 1
104 109 1
104 25 1
104 105 1
104 86 1
104 26 1
104 15 1
104 31 1
104 60 1
104 66 1
104 90 1
104 70 1
104 98 1
104 49 1
104 79 1
104 129 1
104 33 1
104 55 1
104 120 1
104 123 1
104 23 1
104 18 1
104 76 1
104 85 1
104 34 1
104 92 1
104 106 1
104 39 1
104 125 1
104 72 1
104 43 1
104 1 1
104 30 1
104 13 1
104 128 1
104 84 1
104 94 1
104 9 1
104 111 1
104 75 1
104 81 1
104 47 1
104 101 1
104 119 1
105 62 1
105 80 1
105 0 1
105 7 1
105 68 1
105 11 1
105 110 1
105 55 1
105 54 1
105 106 1
105 73 1
105 44 1
105 43 1
105 93 1
105 6 1
105 25 1
105 112 1
105 96 1
105 31 1
105 8 1
105 125 1
105 15 1
105 103 1
105 76 1
105 70 1
105 10 1
105 115 1
105 1 1
105 65 1
105 27 1
105 123 1
105 74 1
105 75 1
105 34 1
105 28 1
105 121 1
105 72 1
105 47 1
105 19 1
105 38 1
105 108 1
105 32 1
105 78 1
105 13 1
105 124 1
105 61 1
105 50 1
105 26 1
105 120 1
105 49 1
105 66 1
105 12 1
105 36 1
105 81 1
105 102 1
105 89 1
105 39 1
105 82 1
105 46 1
106 27 1
106 17 1
106 41 1
106 67 1
106 82 1
106 62 1
106 94 1
106 55 1
106 50 1
106 25 1
106 56 1
106 102 1
106 127 1
106 103 1
106 99 1
106 52 1
106 60 1
106 79 1
106 69 1
106 32 1
106 26 1
106 24 1
106 123 1
106 105 1
106 13 1
106 1 1
106 100 1
106 35 1
106 124 1
106 101 1
106 8 1
106 53 1
106 85 1
106 44 1
106 48 1
106 84 1
106 4 1
106 119 1
106 46 1
106 9 1
106 33 1
106 71 1
106 89 1
106 108 1
106 39 1
106 37 1
106 76 1
106 114 1
106 74 1
106 90 1
106 30 1
106 115 1
106 117 1
106 77 1
106 95 1
106 86 1
106 36 1
106 110 1
106 58 1
106 80 1
106 23 1
106 54 1
107 18 1
107 62 1
107 110 1
107 108 1
107 119 1
107 54 1
107 30 1
107 5 1
107 25 1
107 63 1
107 13 1
107 9 1
107 74 1
107 28 1
107 2 1
107 16 1
107 83 1
107 59 1
107 109 1
107 35 1
107 7 1
107 94 1
107 19 1
107 45 1
107 55 1
107 69 1
107 65 1
107 96 1
107 93 1
107 50 1
107 120 1
107 106 1
107 12 1
107 92 1
107 86 1
107 87 1
107 127 1
107 53 1
107 41 1
107 100 1
107 111 1
107 15 1
107 85 1
107 67 1
107 82 1
107 36 1
107 80 1
107 22 1
107 4 1
107 33 1
107 3 1
107 71 1
107 39 1
107 104 1
107 6 1
107 31 1
107 116 1
107 97 1
107 113 1
107 66 1
107 78 1
107 24 1
107 17 1
108 111 1
108 107 1
108 89 1
108 20 1
108 19 1
108 12 1
108 57 1
108 121 1
108 38 1
108 27 1
108 70 1
108 4 1
108 34 1
108 39 1
108 51 1
108 59 1
108 25 1
108 86 1
108 63 1
108 66 1
108 129 1
108 23 1
108 105 1
108 9 1
108 92 1
108 114 1
108 112 1
108 100 1
108 11 1
108 24 1
108 41 1
108 79 1
108 10 1
108 40 1
108 117 1
108 37 1
108 7 1
108 126 1
108 119 1
108 81 1
108 32 1
108 22 1
108 102 1
108 76 1
108 80 1
108 122 1
108 55 1
108 125 1
108 87 1
108 6 1
108 128 1
108 94 1
108 85 1
108 106 1
108 109 1
108 75 1
108 26 1
108 13 1
108 72 1
108 96 1
108 71 1
108 77 1
109 87 1
109 97 1
109 64 1
109 91 1
109 76 1
109 62 1
109 60 1
109 71 1
109 11 1
109 74 1
109 121 1
109 34 1
109 1 1
109 32 1
109 94 1
109 6 1
109 5 1
109 114 1
109 83 1
109 108 1
109 25 1
109 23 1
109 15 1
109 75 1
109 47 1
109 14 1
109 35 1
109 18 1
109 48 1
109 96 1
109 115 1
109 30 1
109 13 1
109 116 1
109 44 1
109 93 1
109 20 1
109 28 1
109 51 1
109 37 1
109 65 1
109 129 1
109 69 1
109 119 1
109 66 1
109 120 1
109 57 1
109 42 1
109 10 1
109 58 1
109 29 1
109 81 1
109 101 1
110 30 1
110 70 1
110 93 1
110 40 1
110 58 1
110 10 1
110 77 1
110 113 1
110 106 1
110 18 1
110 100 1
110 23 1
110 68 1
110 79 1
110 67 1
110 122 1
110 13 1
110 102 1
110 115 1
110 51 1
110 76 1
110 107 1
110 72 1
110 41 1
110 101 1
110 26 1
110 35 1
110 19 1
110 49 1
110 129 1
110 12 1
110 90 1
110 119 1
110 80 1
110 52 1
110 48 1
110 127 1
110 64 1
110 73 1
110 88 1
110 87 1
110 25 1
110 126 1
110 36 1
110 20 1
110 59 1
110 97 1
110 27 1
110 74 1
110 45 1
110 11 1
110 118 1
110 44 1
110 28 1
110 46 1
111 85 1
111 108 1
111 13 1
111 105 1
111 57 1
111 70 1
111 87 1
111 7 1
111 118 1
111 26 1
111 123 1
111 9 1
111 8 1
111 64 1
111 99 1
111 115 1
111 28 1
111 106 1
111 41 1
111 40 1
111 47 1
111 62 1
111 67 1
111 81 1
111 61 1
111 42 1
111 45 1
111 98 1
111 104 1
111 38 1
111 79 1
111 121 1
111 69 1
111 110 1
111 1 1
111 125 1
111 35 1
111 36 1
111 91 1
111 18 1
111 37 1
111 100 1
111 103 1
111 95 1
111 3 1
111 34 1
111 21 1
111 55 1
111 63 1
111 60 1
111 16 1
111 22 1
111 120 1
111 5 1
111 24 1
111 19 1
111 102 1
111 52 1
111 75 1
111 46 1
111 20 1
111 6 1
111 101 1
111 114 1
111 56 1
111 32 1
111 59 1
111 48 1
112 75 1
112 86 1
112 111 1
112 17 1
112 22 1
112 45 1
112 74 1
112 98 1
112 53 1
112 121 1
112 109 1
112 114 1
112 5 1
112 99 1
112 79 1
112 10 1
112 49 1
112 0 1
112 35 1
112 78 1
112 97 1
112 15 1
112 40 1
112 55 1
112 119 1
112 66 1
112 87 1
112 117 1
112 6 1
112 9 1
112 85 1
112 128 1
112 96 1
112 28 1
112 91 1
112 34 1
112 110 1
112 18 1
112 67 1
112 27 1
112 88 1
112 126 1
112 72 1
112 92 1
112 56 1
112 21 1
112 51 1
112 3 1
112 101 1
112 39 1
112 8 1
112 122 1
112 123 1
112 62 1
112 93 1
112 129 1
112 108 1
112 84 1
112 76 1
112 38 1
112 118 1
112 95 1
113 88 1
113 87 1
113 20 1
113 111 1
113 36 1
113 70 1
113 26 1
113 8 1
113 119 1
113 12 1
113 7 1
113 38 1
113 1 1
113 96 1
113 79 1
113 129 1
113 126 1
113 106 1
113 19 1
113 98 1
113 52 1
113 21 1
113 17 1
113 74 1
113 69 1
113 30 1
113 67 1
113 77 1
113 121 1
113 35 1
113 63 1
113 105 1
113 92 1
113 116 1
113 29 1
113 60 1
113 102 1
113 91 1
113 31 1
113 109 1
113 76 1
113 110 1
113 81 1
113 40 1
113 2 1
113 124 1
113 47 1
113 100 1
113 122 1
113 6 1
113 5 1
113 112 1
113 107 1
113 51 1
113 59 1
113 89 1
113 104 1
113 62 1
113 115 1
113 25 1
113 68 1
114 19 1
114 126 1
114 0 1
114 107 1
114 68 1
114 73 1
114 16 1
114 28 1
114 116 1
114 21 1
114 111 1
114 26 1
114 113 1
114 6 1
114 36 1
114 37 1
114 54 1
114 70 1
114 39 1
114 117 1
114 115 1
114 72 1
114 31 1
114 83 1
114 3 1
114 53 1
114 47 1
114 5 1
114 74 1
114 95 1
114 97 1
114 18 1
114 121 1
114 10 1
114 106 1
114 55 1
114 64 1
114 127 1
114 79 1
114 52 1
114 118 1
114 22 1
114 46 1
114 27 1
114 69 1
114 41 1
114 101 1
114 100 1
114 92 1
114 7 1
114 129 1
114 105 1
114 43 1
114 86 1
114 125 1
114 119 1
114 32 1
114 50 1
114 25 1
114 76 1
114 123 1
114 77 1
114 98 1
114 120 1
114 122 1
114 57 1
114 93 1
115 22 1
115 66 1
115 99 1
115 81 1
115 62 1
115 120 1
115 18 1
115 108 1
115 73 1
115 84 1
115 38 1
115 23 1
115 37 1
115 3 1
115 13 1
115 21 1
115 125 1
115 28 1
115 2 1
115 128 1
115 29 1
115 78 1
115 71 1
115 122 1
115 35 1
115 101 1
115 124 1
115 33 1
115 45 1
115 50 1
115 30 1
115 7 1
115 88 1
115 80 1
115 48 1
115 53 1
115 109 1
115 61 1
115 112 1
115 67 1
115 111 1
115 85 1
115 1 1
115 63 1
115 5 1
115 95 1
115 34 1
115 44 1
115 40 1
115 123 1
115 86 1
115 36 1
115 82 1
115 15 1
115 106 1
115 19 1
115 113 1
115 97 1
115 91 1
115 27 1
115 107 1
115 16 1
116 105 1
116 99 1
116 126 1
116 93 1
116 54 1
116 86 1
116 50 1
116 107 1
116 75 1
116 28 1
116 17 1
116 129 1
116 119 1
116 58 1
116 90 1
116 76 1
116 32 1
116 64 1
116 103 1
116 9 1
116 30 1
116 113 1
116 33 1
116 125 1
116 14 1
116 10 1
116 60 1
116 4 1
116 35 1
116 0 1
116 11 1
116 61 1
116 51 1
116 40 1
116 87 1
116 81 1
116 117 1
116 37 1
116 106 1
116 39 1
116 34 1
116 101 1
116 108 1
116 94 1
116 20 1
116 91 1
116 127 1
116 52 1
116 89 1
116 82 1
116 96 1
116 36 1
116 88 1
116 59 1
116 19 1
116 45 1
116 53 1
116 41 1
116 72 1
116 55 1
117 25 1
117 84 1
117 39 1
117 71 1
117 77 1
117 22 1
117 72 1
117 114 1
117 35 1
117 34 1
117 124 1
117 90 1
117 92 1
117 64 1
117 81 1
117 60 1
117 51 1
117 96 1
117 33 1
117 21 1
117 45 1
117 27 1
117 6 1
117 97 1
117 26 1
117 0 1
117 129 1
117 125 1
117 18 1
117 31 1
117 76 1
117 54 1
117 67 1
117 29 1
117 101 1
117 87 1
117 82 1
117 47 1
117 106 1
117 5 1
117 103 1
117 70 1
117 16 1
117 127 1
117 122 1
117 108 1
117 116 1
117 110 1
117 9 1
117 69 1
117 17 1
117 126 1
117 119 1
117 11 1
117 46 1
117 93 1
117 95 1
117 14 1
117 53 1
117 121 1
117 102 1
117 36 1
118 28 1
118 98 1
118 114 1
118 96 1
118 64 1
118 91 1
118 108 1
118 20 1
118 105 1
118 115 1
118 103 1
118 16 1
118 94 1
118 9 1
118 3 1
118 59 1
118 52 1
118 58 1
118 37 1
118 11 1
118 119 1
118 39 1
118 82 1
118 7 1
118 88 1
118 30 1
118 112 1
118 74 1
118 24 1
118 79 1
118 109 1
118 47 1
118 83 1
118 101 1
118 110 1
118 61 1
118 116 1
118 87 1
118 0 1
118 1 1
118 42 1
118 107 1
118 81 1
118 90 1
118 89 1
118 69 1
118 31 1
118 78 1
118 123 1
118 63 1
118 66 1
118 129 1
118 25 1
118 73 1
118 120 1
118 102 1
118 35 1
118 125 1
119 40 1
119 90 1
119 122 1
119 62 1
119 2 1
119 99 1
119 111 1
119 12 1
119 74 1
119 31 1
119 91 1
119 9 1
119 8 1
119 3 1
119 59 1
119 106 1
119 32 1
119 97 1
119 125 1
119 29 1
119 69 1
119 41 1
119 25 1
119 92 1
119 124 1
119 126 1
119 112 1
119 64 1
119 20 1
119 117 1
119 113 1
119 11 1
119 54 1
119 51 1
119 16 1
119 103 1
119 114 1
119 105 1
119 17 1
119 93 1
119 66 1
119 53 1
119 101 1
119 60 1
119 61 1
119 24 1
119 89 1
119 52 1
119 34 1
119 67 1
119 0 1
119 116 1
119 71 1
119 80 1
119 26 1
119 44 1
119 82 1
119 23 1
120 108 1
120 31 1
120 80 1
120 116 1
120 119 1
120 129 1
120 20 1
120 4 1
120 60 1
120 55 1
120 15 1
120 75 1
120 18 1
120 19 1
120 90 1
120 17 1
120 82 1
120 29 1
120 121 1
120 47 1
120 39 1
120 77 1
120 89 1
120 40 1
120 128 1
120 92 1
120 7 1
120 100 1
120 97 1
120 110 1
120 115 1
120 85 1
120 45 1
120 99 1
120 109 1
120 73 1
120 8 1
120 25 1
120 6 1
120 9 1
120 61 1
120 101 1
120 125 1
120 56 1
120 5 1
120 117 1
120 95 1
120 41 1
120 126 1
120 22 1
120 34 1
120 1 1
120 88 1
120 107 1
120 23 1
120 14 1
120 76 1
120 12 1
121 44 1
121 10 1
121 24 1
121 61 1
121 4 1
121 40 1
121 118 1
121 124 1
121 78 1
121 126 1
121 77 1
121 33 1
121 102 1
121 19 1
121 7 1
121 103 1
121 18 1
121 66 1
121 50 1
121 37 1
121 43 1
121 21 1
121 98 1
121 35 1
121 57 1
121 96 1
121 80 1
121 111 1
121 12 1
121 22 1
121 114 1
121 86 1
121 89 1
121 58 1
121 55 1
121 90 1
121 34 1
121 108 1
121 26 1
121 83 1
121 73 1
121 116 1
121 92 1
121 88 1
121 52 1
121 29 1
121 15 1
121 17 1
121 81 1
121 84 1
121 82 1
121 101 1
121 109 1
121 2 1
121 38 1
121 53 1
121 67 1
121 71 1
121 93 1
121 129 1
121 23 1
121 68 1
121 8 1
122 77 1
122 43 1
122 27 1
122 24 1
122 90 1
122 52 1
122 58 1
122 106 1
122 98 1
122 61 1
122 95 1
122 11 1
122 92 1
122 126 1
122 14 1
122 59 1
122 44 1
122 33 1
122 124 1
122 101 1
122 2 1
122 83 1
122 28 1
122 86 1
122 55 1
122 35 1
122 0 1
122 18 1
122 21 1
122 84 1
122 81 1
122 62 1
122 40 1
122 121 1
122 63 1
122 23 1
122 116 1
122 31 1
122 73 1
122 99 1
122 47 1
122 89 1
122 119 1
122 67 1
122 54 1
122 80 1
122 125 1
122 97 1
122 105 1
122 39 1
122 110 1
122 45 1
123 22 1
123 4 1
123 113 1
123 41 1
123 15 1
123 29 1
123 91 1
123 79 1
123 103 1
123 3 1
123 42 1
123 100 1
123 39 1
123 95 1
123 98 1
123 114 1
123 24 1
123 121 1
123 76 1
123 85 1
123 37 1
123 21 1
123 55 1
123 86 1
123 64 1
123 33 1
123 23 1
123 30 1
123 126 1
123 99 1
123 70 1
123 40 1
123 54 1
123 11 1
123 5 1
123 101 1
123 59 1
123 51 1
123 14 1
123 82 1
123 110 1
123 26 1
123 25 1
123 63 1
123 58 1
123 125 1
123 120 1
123 16 1
123 61 1
123 105 1
123 73 1
123 0 1
123 122 1
123 74 1
124 12 1
124 69 1
124 120 1
124 6 1
124 32 1
124 4 1
124 100 1
124 56 1
124 9 1
124 45 1
124 74 1
124 102 1
124 96 1
124 66 1
124 5 1
124 70 1
124 34 1
124 85 1
124 37 1
124 90 1
124 87 1
124 122 1
124 54 1
124 83 1
124 116 1
124 25 1
124 128 1
124 29 1
124 22 1
124 46 1
124 105 1
124 1 1
124 86 1
124 80 1
124 17 1
124 59 1
124 72 1
124 106 1
124 89 1
124 111 1
124 92 1
124 101 1
124 97 1
124 14 1
124 117 1
125 72 1
125 86 1
125 48 1
125 70 1
125 65 1
125 108 1
125 120 1
125 124 1
125 7 1
125 95 1
125 57 1
125 110 1
125 119 1
125 53 1
125 39 1
125 82 1
125 103 1
125 20 1
125 129 1
125 42 1
125 52 1
125 47 1
125 32 1
125 96 1
125 59 1
125 68 1
125 121 1
125 17 1
125 81 1
125 16 1
125 122 1
125 21 1
125 1 1
125 83 1
125 116 1
125 71 1
125 58 1
125 38 1
125 51 1
125 11 1
125 13 1
125 4 1
125 79 1
125 61 1
125 80 1
125 101 1
125 69 1
125 40 1
125 49 1
125 111 1
125 127 1
125 107 1
125 97 1
125 105 1
125 43 1
125 73 1
125 34 1
125 89 1
125 84 1
125 18 1
126 108 1
126 47 1
126 62 1
126 30 1
126 124 1
126 10 1
126 109 1
126 1 1
126 18 1
126 54 1
126 4 1
126 111 1
126 103 1
126 82 1
126 94 1
126 43 1
126 55 1
126 105 1
126 17 1
126 91 1
126 104 1
126 14 1
126 50 1
126 72 1
126 70 1
126 7 1
126 102 1
126 34 1
126 69 1
126 86 1
126 36 1
126 96 1
126 57 1
126 73 1
126 44 1
126 33 1
126 122 1
126 79 1
126 22 1
126 58 1
126 100 1
126 13 1
126 66 1
126 115 1
126 85 1
126 120 1
126 11 1
126 37 1
126 129 1
126 81 1
126 5 1
126 15 1
126 39 1
126 110 1
126 123 1
126 56 1
126 0 1
126 46 1
126 25 1
126 26 1
126 49 1
126 116 1
126 59 1
126 114 1
126 42 1
127 60 1
127 77 1
127 84 1
127 28 1
127 107 1
127 110 1
127 75 1
127 67 1
127 91 1
127 76 1
127 103 1
127 47 1
127 30 1
127 41 1
127 12 1
127 120 1
127 39 1
127 123 1
127 95 1
127 71 1
127 54 1
127 25 1
127 106 1
127 124 1
127 111 1
127 129 1
127 31 1
127 115 1
127 58 1
127 19 1
127 92 1
127 98 1
127 46 1
127 6 1
127 109 1
127 64 1
127 80 1
127 22 1
127 96 1
127 37 1
127 4 1
127 7 1
127 13 1
127 24 1
127 125 1
127 26 1
127 49 1
127 63 1
127 126 1
127 70 1
127 42 1
127 3 1
127 43 1
127 119 1
127 35 1
127 51 1
127 48 1
127 52 1
127 16 1
127 36 1
127 118 1
127 93 1
128 92 1
128 41 1
128 100 1
128 32 1
128 108 1
128 110 1
128 68 1
128 119 1
128 20 1
128 66 1
128 118 1
128 9 1
128 121 1
128 89 1
128 117 1
128 54 1
128 46 1
128 43 1
128 22 1
128 23 1
128 14 1
128 30 1
128 71 1
128 55 1
128 59 1
128 104 1
128 37 1
128 93 1
128 48 1
128 38 1
128 113 1
128 85 1
128 29 1
128 2 1
128 18 1
128 77 1
128 90 1
128 88 1
128 98 1
128 45 1
128 1 1
128 39 1
128 33 1
128 81 1
128 106 1
128 125 1
128 97 1
128 105 1
128 65 1
128 10 1
128 17 1
128 72 1
128 19 1
128 16 1
128 8 1
128 96 1
128 44 1
129 47 1
129 73 1
129 109 1
129 124 1
129 64 1
129 49 1
129 17 1
129 87 1
129 66 1
129 35 1
129 33 1
129 38 1
129 14 1
129 23 1
129 76 1
129 1 1
129 54 1
129 55 1
129 0 1
129 80 1
129 31 1
129 82 1
129 43 1
129 10 1
129 90 1
129 18 1
129 126 1
129 98 1
129 53 1
129 116 1
129 21 1
129 103 1
129 29 1
129 50 1
129 94 1
129 20 1
129 115 1
129 39 1
129 121 1
129 67 1
129 30 1
129 111 1
129 100 1
129 32 1
129 7 1
129 8 1
129 25 1
129 68 1
129 56 1
129 72 1
129 60 1
129 81 1
129 27 1
129 104 1
129 12 1
129 78 1
129 22 1
129 69 1
129 24 1
129 46 1
129 108 1
129 77 1
129 106 1
129 9 1
