# Nodes: 50 Edges: 176
1 20 1
1 2 1
1 5 1
2 27 1
2 3 1
2 1 1
2 6 1
3 17 1
3 4 1
3 2 1
3 7 1
4 18 1
4 3 1
4 8 1
5 24 1
5 6 1
5 9 1
5 1 1
6 29 1
6 7 1
6 5 1
6 10 1
6 2 1
7 22 1
7 8 1
7 6 1
7 11 1
7 3 1
8 32 1
8 7 1
8 12 1
8 4 1
9 19 1
9 10 1
9 13 1
9 5 1
10 23 1
10 11 1
10 9 1
10 14 1
10 6 1
11 21 1
11 12 1
11 10 1
11 15 1
11 7 1
12 25 1
12 11 1
12 16 1
12 8 1
13 28 1
13 14 1
13 9 1
14 31 1
14 15 1
14 13 1
14 10 1
15 26 1
15 16 1
15 14 1
15 11 1
16 30 1
16 15 1
16 12 1
17 34 1
17 18 1
17 21 1
1 43 1
1 19 1
1 17 1
1 22 1
19 33 1
19 20 1
19 18 1
19 23 1
20 41 1
20 19 1
20 24 1
21 42 1
21 22 1
21 25 1
21 17 1
22 45 1
22 23 1
22 21 1
22 26 1
22 18 1
23 38 1
23 24 1
23 22 1
23 27 1
23 19 1
24 46 1
24 23 1
24 28 1
24 20 1
25 37 1
25 26 1
25 29 1
25 21 1
26 40 1
26 27 1
26 25 1
26 30 1
26 22 1
27 39 1
27 28 1
27 26 1
27 31 1
27 23 1
28 48 1
28 27 1
28 32 1
28 24 1
29 47 1
29 30 1
29 25 1
30 36 1
30 31 1
30 29 1
30 26 1
31 35 1
31 32 1
31 30 1
31 27 1
32 44 1
32 31 1
32 28 1
33 34 1
33 37 1
34 35 1
34 33 1
34 38 1
35 36 1
35 34 1
35 39 1
36 35 1
36 40 1
37 38 1
37 41 1
37 33 1
38 39 1
38 37 1
38 42 1
38 34 1
39 40 1
39 38 1
39 43 1
39 35 1
40 39 1
40 44 1
40 36 1
41 42 1
41 45 1
41 37 1
42 43 1
42 41 1
42 46 1
42 38 1
43 44 1
43 42 1
43 47 1
43 39 1
44 43 1
44 48 1
44 40 1
45 46 1
45 41 1
46 47 1
46 45 1
46 42 1
47 48 1
47 46 1
47 43 1
48 47 1
48 44 1